
<------Geração 1------>

[ (-9.37339, -1.4395), (6.24869, 6.93086), (-2.13713, 2.78361), (-3.64272, 0.120616), (6.05948, 6.50653), (7.73233, 8.89135), (-0.306745, 0.858165), (5.99459, 9.1619), (7.23475, 2.53928), (7.29895, 2.46842) ]
Média: 0.530249
Melhor (0.918014): (-9.37339, -1.4395)
Pior (0.0740896): (7.29895, 2.46842)

<------Geração 2------>

[ (-9.37339, -1.4395), (-9.37339, -1.4395), (6.24869, 6.93086), (-2.13713, 2.78361), (6.17975, 6.70227), (0.296931, 2.71366), (-5.34417, -0.418418), (1.696, 3.79633), (-7.27695, -0.868768), (6.00571, 8.70702) ]
Média: 0.645791
Melhor (0.918014): (-9.37339, -1.4395)
Pior (0.228971): (6.00571, 8.70702)

<------Geração 3------>

[ (-1.10815, 2.88719), (-6.36485, 0.172482), (-9.37339, -1.4395), (-9.37339, -1.4395), (-9.37339, -1.4395), (-9.37339, -1.4395), (-9.22018, -1.4395), (-5.05472, 1.08089), (-7.6298, -0.997642), (5.00381, 6.08669) ]
Média: 0.687555
Melhor (0.988214): (-1.10815, 2.88719)
Pior (0.0573235): (5.00381, 6.08669)

<------Geração 4------>

[ (-1.10815, 2.88719), (-2.52811, 2.14387), (-6.36485, 0.172482), (-9.37339, -1.4395), (-1.66087, 2.19968), (-3.10968, 1.85355), (-5.60507, 0.488682), (-7.24699, -0.829289), (-8.15556, -1.0177), (-4.17104, 1.28383) ]
Média: 0.668198
Melhor (0.988214): (-1.10815, 2.88719)
Pior (0.130649): (-4.17104, 1.28383)

<------Geração 5------>

[ (-1.10815, 2.88719), (-1.12464, 2.86669), (-2.52811, 2.14387), (-2.52811, 2.14387), (-6.36485, 0.172482), (-1.55465, 2.33181), (-5.91804, 0.403231), (-5.09154, 0.764924), (-8.09043, -0.767897), (-4.54819, 1.11066) ]
Média: 0.6931
Melhor (0.988214): (-1.10815, 2.88719)
Pior (0.022113): (-4.54819, 1.11066)

<------Geração 6------>

[ (-2.09495, 2.36696), (-1.10815, 2.88719), (-1.12464, 2.86669), (-1.17559, 2.84044), (-2.52811, 2.14387), (-2.52811, 2.14387), (-2.52811, 2.14387), (-1.48487, 2.4186), (-1.11207, 3.30148), (-4.92603, 0.911776) ]
Média: 0.871969
Melhor (0.989791): (-2.09495, 2.36696)
Pior (0.105853): (-4.92603, 0.911776)

<------Geração 7------>

[ (-1.88872, 2.47858), (-2.09495, 2.36696), (-1.83411, 2.50447), (-1.10815, 2.88719), (-1.11673, 2.87652), (-1.48171, 2.69025), (-1.38293, 2.74233), (-1.57691, 2.63376), (-1.3815, 2.7344), (-2.30634, 2.25809) ]
Média: 0.986913
Melhor (0.989796): (-1.88872, 2.47858)
Pior (0.982495): (-2.30634, 2.25809)

<------Geração 8------>

[ (-1.9655, 2.4352), (-2.07674, 2.37655), (-2.09166, 2.36874), (-1.88872, 2.47858), (-2.09495, 2.36696), (-2.09495, 2.36696), (-1.10815, 2.88719), (-1.11351, 2.88053), (-1.19559, 2.8411), (-1.64268, 2.60255) ]
Média: 0.988926
Melhor (0.990204): (-1.9655, 2.4352)
Pior (0.986649): (-1.64268, 2.60255)

<------Geração 9------>

[ (-2.01433, 2.40948), (-2.0151, 2.40907), (-2.02403, 2.40434), (-1.9655, 2.4352), (-2.04549, 2.39303), (-1.91918, 2.46205), (-2.07674, 2.37655), (-2.07674, 2.37655), (-1.9127, 2.4656), (-1.89359, 2.47594) ]
Média: 0.990099
Melhor (0.99028): (-2.01433, 2.40948)
Pior (0.989833): (-1.89359, 2.47594)

<------Geração 10------>

[ (-2.01433, 2.40948), (-2.01497, 2.40914), (-2.0151, 2.40907), (-2.01745, 2.40782), (-2.01936, 2.40682), (-2.02304, 2.40487), (-2.02831, 2.4021), (-1.96532, 2.43657), (-2.05008, 2.39062), (-1.9655, 2.15036) ]
Média: 0.985356
Melhor (0.99028): (-2.01433, 2.40948)
Pior (0.941256): (-1.9655, 2.15036)

<------Geração 11------>

[ (-2.01433, 2.40948), (-2.01433, 2.40948), (-2.01433, 2.40948), (-2.01434, 2.40947), (-2.01439, 2.40945), (-2.01497, 2.40914), (-2.01498, 2.40913), (-2.01506, 2.40909), (-2.01658, 2.40829), (-2.03465, 2.39876) ]
Média: 0.990275
Melhor (0.99028): (-2.01433, 2.40948)
Pior (0.990237): (-2.03465, 2.39876)

<------Geração 12------>

[ (-2.01433, 2.40948), (-2.01433, 2.40948), (-2.01433, 2.40948), (-2.01433, 2.40948), (-2.01433, 2.40948), (-2.01437, 2.40946), (-2.01437, 2.40946), (-2.01439, 2.40945), (-2.01479, 2.40923), (-2.01487, 2.40919) ]
Média: 0.99028
Melhor (0.99028): (-2.01433, 2.40948)
Pior (0.990279): (-2.01487, 2.40919)

<------Geração 13------>

[ (-2.01433, 2.40948), (-2.01433, 2.40948), (-2.01433, 2.40948), (-2.01433, 2.40948), (-2.01433, 2.40948), (-2.01433, 2.40948), (-2.01433, 2.40948), (-2.01437, 2.40946), (-2.26858, 2.40948), (-2.01433, 1.85467) ]
Média: 0.97249
Melhor (0.99028): (-2.01433, 2.40948)
Pior (0.84073): (-2.01433, 1.85467)

<------Geração 14------>

[ (-2.01433, 2.40948), (-2.01433, 2.40948), (-2.01433, 2.40948), (-2.01433, 2.40948), (-2.01433, 2.40948), (-2.01433, 2.40948), (-2.01433, 2.40948), (-2.01433, 2.40948), (-2.01436, 2.40946), (-2.07821, 2.40948) ]
Média: 0.990095
Melhor (0.99028): (-2.01433, 2.40948)
Pior (0.988436): (-2.07821, 2.40948)

<------Geração 15------>

[ (-2.01433, 2.40948), (-2.01433, 2.40948), (-2.01433, 2.40948), (-2.01433, 2.40948), (-2.01433, 2.40948), (-2.01433, 2.40948), (-2.01433, 2.40948), (-2.01433, 2.40948), (-2.01433, 2.40948), (-2.01433, 2.11055) ]
Média: 0.985557
Melhor (0.99028): (-2.01433, 2.40948)
Pior (0.943053): (-2.01433, 2.11055)

<------Geração 16------>

[ (-2.01433, 2.40948), (-2.01433, 2.40948), (-2.01433, 2.40948), (-2.01433, 2.40948), (-2.01433, 2.40948), (-2.01433, 2.40948), (-2.01433, 2.40948), (-2.01433, 2.40948), (-2.01433, 2.40948), (-1.7921, 2.40948) ]
Média: 0.988484
Melhor (0.99028): (-2.01433, 2.40948)
Pior (0.972321): (-1.7921, 2.40948)

<------Geração 17------>

[ (-2.01433, 2.40948), (-2.01433, 2.40948), (-2.01433, 2.40948), (-2.01433, 2.40948), (-2.01433, 2.40948), (-2.01433, 2.40948), (-2.01433, 2.40948), (-2.01433, 2.40948), (-2.01433, 2.35484), (-2.01433, 2.34341) ]
Média: 0.989897
Melhor (0.99028): (-2.01433, 2.40948)
Pior (0.987993): (-2.01433, 2.34341)

<------Geração 18------>

[ (-2.01433, 2.40948), (-2.01433, 2.40948), (-2.01433, 2.40948), (-2.01433, 2.40948), (-2.01433, 2.40948), (-2.01433, 2.40948), (-2.01433, 2.40948), (-2.01433, 2.40948), (-2.01433, 2.40948), (-1.86538, 2.40948) ]
Média: 0.989463
Melhor (0.99028): (-2.01433, 2.40948)
Pior (0.982116): (-1.86538, 2.40948)

<------Geração 19------>

[ (-2.01433, 2.40948), (-2.01433, 2.40948), (-2.01433, 2.40948), (-2.01433, 2.40948), (-2.01433, 2.40948), (-2.01433, 2.40948), (-2.01433, 2.40948), (-2.01433, 2.40948), (-2.01433, 2.40948), (-2.01433, 2.40948) ]
Média: 0.99028
Melhor (0.99028): (-2.01433, 2.40948)
Pior (0.99028): (-2.01433, 2.40948)

<------Geração 20------>

[ (-2.01433, 2.40948), (-2.01433, 2.40948), (-2.01433, 2.40948), (-2.01433, 2.40948), (-2.01433, 2.40948), (-2.01433, 2.40948), (-2.01433, 2.40948), (-2.01433, 2.40948), (-2.01433, 2.40948), (-2.01433, 2.40948) ]
Média: 0.99028
Melhor (0.99028): (-2.01433, 2.40948)
Pior (0.99028): (-2.01433, 2.40948)

<------Geração 21------>

[ (-2.01433, 2.40948), (-2.01433, 2.40948), (-2.01433, 2.40948), (-2.01433, 2.40948), (-2.01433, 2.40948), (-2.01433, 2.40948), (-2.01433, 2.40948), (-1.87486, 2.40948), (-2.01433, 2.18934), (-2.01433, 2.14785) ]
Média: 0.983313
Melhor (0.99028): (-2.01433, 2.40948)
Pior (0.953799): (-2.01433, 2.14785)

<------Geração 22------>

[ (-2.01433, 2.40948), (-2.01433, 2.40948), (-2.01433, 2.40948), (-2.01433, 2.40948), (-2.01433, 2.40948), (-2.01433, 2.40948), (-2.01433, 2.40948), (-2.01433, 2.40948), (-2.01433, 2.40948), (-2.01522, 2.40948) ]
Média: 0.99028
Melhor (0.99028): (-2.01433, 2.40948)
Pior (0.990277): (-2.01522, 2.40948)

<------Geração 23------>

[ (-2.01433, 2.40948), (-2.01433, 2.40948), (-2.01433, 2.40948), (-2.01433, 2.40948), (-2.01433, 2.40948), (-2.01433, 2.40948), (-2.01433, 2.40948), (-2.01433, 2.34521), (-2.01433, 2.48395), (-2.27001, 2.40948) ]
Média: 0.98685
Melhor (0.99028): (-2.01433, 2.40948)
Pior (0.961613): (-2.27001, 2.40948)

<------Geração 24------>

[ (-2.01433, 2.40948), (-2.01433, 2.40948), (-2.01433, 2.40948), (-2.01433, 2.40948), (-2.01433, 2.40948), (-2.01433, 2.40948), (-2.01433, 2.40948), (-2.01433, 2.40948), (-2.01433, 2.37033), (-2.79882, 2.40948) ]
Média: 0.963119
Melhor (0.99028): (-2.01433, 2.40948)
Pior (0.719428): (-2.79882, 2.40948)

<------Geração 25------>

[ (-2.01433, 2.40948), (-2.01433, 2.40948), (-2.01433, 2.40948), (-2.01433, 2.40948), (-2.01433, 2.40948), (-2.01433, 2.40948), (-2.01433, 2.40948), (-2.01433, 2.40948), (-2.01433, 2.40948), (-2.01433, 2.40948) ]
Média: 0.99028
Melhor (0.99028): (-2.01433, 2.40948)
Pior (0.99028): (-2.01433, 2.40948)

<------Geração 26------>

[ (-2.01433, 2.40948), (-2.01433, 2.40948), (-2.01433, 2.40948), (-2.01433, 2.40948), (-2.01433, 2.40948), (-2.01433, 2.40948), (-2.01433, 2.40948), (-2.01433, 2.40948), (-2.01433, 2.40948), (-2.01433, 2.66317) ]
Média: 0.986387
Melhor (0.99028): (-2.01433, 2.40948)
Pior (0.95135): (-2.01433, 2.66317)

<------Geração 27------>

[ (-2.01433, 2.40948), (-2.01433, 2.40948), (-2.01433, 2.40948), (-2.01433, 2.40948), (-2.01433, 2.40948), (-2.01433, 2.40948), (-2.01433, 2.40948), (-2.01433, 2.40948), (-2.01433, 2.40948), (-2.01433, 2.40948) ]
Média: 0.99028
Melhor (0.99028): (-2.01433, 2.40948)
Pior (0.99028): (-2.01433, 2.40948)

<------Geração 28------>

[ (-2.01433, 2.40948), (-2.01433, 2.40948), (-2.01433, 2.40948), (-2.01433, 2.40948), (-2.01433, 2.40948), (-2.01433, 2.40948), (-2.01433, 2.40948), (-2.01433, 2.40948), (-2.01433, 2.40948), (-2.01433, 2.40948) ]
Média: 0.99028
Melhor (0.99028): (-2.01433, 2.40948)
Pior (0.99028): (-2.01433, 2.40948)

<------Geração 29------>

[ (-2.01433, 2.40948), (-2.01433, 2.40948), (-2.01433, 2.40948), (-2.01433, 2.40948), (-2.01433, 2.40948), (-2.01433, 2.40948), (-2.01433, 2.40948), (-2.01433, 2.40948), (-2.01433, 2.40948), (-2.01433, 2.40948) ]
Média: 0.99028
Melhor (0.99028): (-2.01433, 2.40948)
Pior (0.99028): (-2.01433, 2.40948)

<------Geração 30------>

[ (-2.01433, 2.40948), (-2.01433, 2.40948), (-2.01433, 2.40948), (-2.01433, 2.40948), (-2.01433, 2.40948), (-2.01433, 2.40948), (-2.01433, 2.40948), (-2.01433, 2.40948), (-2.01433, 2.40948), (-2.01433, 2.40948) ]
Média: 0.99028
Melhor (0.99028): (-2.01433, 2.40948)
Pior (0.99028): (-2.01433, 2.40948)

<------Geração 31------>

[ (-2.01433, 2.40948), (-2.01433, 2.40948), (-2.01433, 2.40948), (-2.01433, 2.40948), (-2.01433, 2.40948), (-2.01433, 2.40948), (-2.01433, 2.40948), (-2.01433, 2.40948), (-2.01433, 2.40948), (-2.01433, 2.40948) ]
Média: 0.99028
Melhor (0.99028): (-2.01433, 2.40948)
Pior (0.99028): (-2.01433, 2.40948)

<------Geração 32------>

[ (-2.01433, 2.40948), (-2.01433, 2.40948), (-2.01433, 2.40948), (-2.01433, 2.40948), (-2.01433, 2.40948), (-2.01433, 2.40948), (-2.01433, 2.40948), (-2.01433, 2.40948), (-2.01433, 2.40948), (-1.59051, 2.40948) ]
Média: 0.984194
Melhor (0.99028): (-2.01433, 2.40948)
Pior (0.929426): (-1.59051, 2.40948)

<------Geração 33------>

[ (-2.01433, 2.40948), (-2.01433, 2.40948), (-2.01433, 2.40948), (-2.01433, 2.40948), (-2.01433, 2.40948), (-2.01433, 2.40948), (-2.01433, 2.40948), (-2.01433, 2.40948), (-2.01433, 2.40948), (-2.01433, 2.40948) ]
Média: 0.99028
Melhor (0.99028): (-2.01433, 2.40948)
Pior (0.99028): (-2.01433, 2.40948)

<------Geração 34------>

[ (-2.01433, 2.40948), (-2.01433, 2.40948), (-2.01433, 2.40948), (-2.01433, 2.40948), (-2.01433, 2.40948), (-2.01433, 2.40948), (-2.01433, 2.40948), (-2.01433, 2.40948), (-2.01433, 2.40948), (-2.01433, 1.89584) ]
Média: 0.977255
Melhor (0.99028): (-2.01433, 2.40948)
Pior (0.860032): (-2.01433, 1.89584)

<------Geração 35------>

[ (-2.01433, 2.40948), (-2.01433, 2.40948), (-2.01433, 2.40948), (-2.01433, 2.40948), (-2.01433, 2.40948), (-2.01433, 2.40948), (-2.01433, 2.40948), (-2.01433, 2.40948), (-2.01433, 2.40948), (-2.01433, 2.40948) ]
Média: 0.99028
Melhor (0.99028): (-2.01433, 2.40948)
Pior (0.99028): (-2.01433, 2.40948)

<------Geração 36------>

[ (-2.01433, 2.40948), (-2.01433, 2.40948), (-2.01433, 2.40948), (-2.01433, 2.40948), (-2.01433, 2.40948), (-2.01433, 2.40948), (-2.01433, 2.40948), (-2.01433, 2.40948), (-2.01433, 2.40948), (-2.01433, 2.40948) ]
Média: 0.99028
Melhor (0.99028): (-2.01433, 2.40948)
Pior (0.99028): (-2.01433, 2.40948)

<------Geração 37------>

[ (-2.01433, 2.40948), (-2.01433, 2.40948), (-2.01433, 2.40948), (-2.01433, 2.40948), (-2.01433, 2.40948), (-2.01433, 2.40948), (-2.01433, 2.40948), (-2.01433, 2.40948), (-2.01433, 2.40948), (-2.37327, 2.40948) ]
Média: 0.984585
Melhor (0.99028): (-2.01433, 2.40948)
Pior (0.933336): (-2.37327, 2.40948)

<------Geração 38------>

[ (-2.01433, 2.40948), (-2.01433, 2.40948), (-2.01433, 2.40948), (-2.01433, 2.40948), (-2.01433, 2.40948), (-2.01433, 2.40948), (-2.01433, 2.40948), (-2.01433, 2.40948), (-2.01433, 2.40948), (-2.01433, 2.73297) ]
Média: 0.983972
Melhor (0.99028): (-2.01433, 2.40948)
Pior (0.927197): (-2.01433, 2.73297)

<------Geração 39------>

[ (-2.01433, 2.40948), (-2.01433, 2.40948), (-2.01433, 2.40948), (-2.01433, 2.40948), (-2.01433, 2.40948), (-2.01433, 2.40948), (-2.01433, 2.40948), (-2.01433, 2.40948), (-2.01433, 2.40948), (-2.01433, 3.2439) ]
Média: 0.951715
Melhor (0.99028): (-2.01433, 2.40948)
Pior (0.604636): (-2.01433, 3.2439)

<------Geração 40------>

[ (-2.01433, 2.40948), (-2.01433, 2.40948), (-2.01433, 2.40948), (-2.01433, 2.40948), (-2.01433, 2.40948), (-2.01433, 2.40948), (-2.01433, 2.40948), (-2.01433, 2.40948), (-2.01433, 2.40948), (-2.01433, 2.49263) ]
Média: 0.989849
Melhor (0.99028): (-2.01433, 2.40948)
Pior (0.985976): (-2.01433, 2.49263)

<------Geração 41------>

[ (-2.01433, 2.40948), (-2.01433, 2.40948), (-2.01433, 2.40948), (-2.01433, 2.40948), (-2.01433, 2.40948), (-2.01433, 2.40948), (-2.01433, 2.40948), (-2.01433, 2.40948), (-2.01433, 2.40948), (-2.01433, 2.40948) ]
Média: 0.99028
Melhor (0.99028): (-2.01433, 2.40948)
Pior (0.99028): (-2.01433, 2.40948)

<------Geração 42------>

[ (-2.01433, 2.40948), (-2.01433, 2.40948), (-2.01433, 2.40948), (-2.01433, 2.40948), (-2.01433, 2.40948), (-2.01433, 2.40948), (-2.01433, 2.40948), (-2.01433, 2.40948), (-2.01433, 2.40948), (-2.01433, 2.40948) ]
Média: 0.99028
Melhor (0.99028): (-2.01433, 2.40948)
Pior (0.99028): (-2.01433, 2.40948)

<------Geração 43------>

[ (-2.01433, 2.40948), (-2.01433, 2.40948), (-2.01433, 2.40948), (-2.01433, 2.40948), (-2.01433, 2.40948), (-2.01433, 2.40948), (-2.01433, 2.40948), (-2.01433, 2.40948), (-2.22568, 2.40948), (-2.71036, 2.40948) ]
Média: 0.966841
Melhor (0.99028): (-2.01433, 2.40948)
Pior (0.775422): (-2.71036, 2.40948)

<------Geração 44------>

[ (-2.01433, 2.40948), (-2.01433, 2.40948), (-2.01433, 2.40948), (-2.01433, 2.40948), (-2.01433, 2.40948), (-2.01433, 2.40948), (-2.01433, 2.40948), (-2.01433, 2.40948), (-2.01433, 2.40948), (-2.01433, 2.40948) ]
Média: 0.99028
Melhor (0.99028): (-2.01433, 2.40948)
Pior (0.99028): (-2.01433, 2.40948)

<------Geração 45------>

[ (-2.01433, 2.40948), (-2.01433, 2.40948), (-2.01433, 2.40948), (-2.01433, 2.40948), (-2.01433, 2.40948), (-2.01433, 2.40948), (-2.01433, 2.40948), (-2.01433, 2.40948), (-2.01433, 2.40948), (-2.62361, 2.40948) ]
Média: 0.973754
Melhor (0.99028): (-2.01433, 2.40948)
Pior (0.825017): (-2.62361, 2.40948)

<------Geração 46------>

[ (-2.01433, 2.40948), (-2.01433, 2.40948), (-2.01433, 2.40948), (-2.01433, 2.40948), (-2.01433, 2.40948), (-2.01433, 2.40948), (-2.01433, 2.40948), (-2.01433, 2.40948), (-2.01433, 2.40948), (-2.01433, 2.40948) ]
Média: 0.99028
Melhor (0.99028): (-2.01433, 2.40948)
Pior (0.99028): (-2.01433, 2.40948)

<------Geração 47------>

[ (-2.01433, 2.40948), (-2.01433, 2.40948), (-2.01433, 2.40948), (-2.01433, 2.40948), (-2.01433, 2.40948), (-2.01433, 2.40948), (-2.01433, 2.40948), (-2.01433, 2.40948), (-2.01433, 2.40948), (-2.01433, 2.40948) ]
Média: 0.99028
Melhor (0.99028): (-2.01433, 2.40948)
Pior (0.99028): (-2.01433, 2.40948)

<------Geração 48------>

[ (-2.01433, 2.40948), (-2.01433, 2.40948), (-2.01433, 2.40948), (-2.01433, 2.40948), (-2.01433, 2.40948), (-2.01433, 2.40948), (-2.01433, 2.40948), (-2.01433, 2.40948), (-2.01433, 2.36713), (-1.64425, 2.40948) ]
Média: 0.985447
Melhor (0.99028): (-2.01433, 2.40948)
Pior (0.942851): (-1.64425, 2.40948)

<------Geração 49------>

[ (-2.01433, 2.40948), (-2.01433, 2.40948), (-2.01433, 2.40948), (-2.01433, 2.40948), (-2.01433, 2.40948), (-2.01433, 2.40948), (-2.01433, 2.40948), (-2.01433, 2.40948), (-2.01433, 2.40948), (-2.01433, 2.40948) ]
Média: 0.99028
Melhor (0.99028): (-2.01433, 2.40948)
Pior (0.99028): (-2.01433, 2.40948)

<------Geração 50------>

[ (-2.01433, 2.40948), (-2.01433, 2.40948), (-2.01433, 2.40948), (-2.01433, 2.40948), (-2.01433, 2.40948), (-2.01433, 2.40948), (-2.01433, 2.40948), (-2.01433, 2.40948), (-2.01433, 2.40948), (-1.73191, 2.40948) ]
Média: 0.987429
Melhor (0.99028): (-2.01433, 2.40948)
Pior (0.961772): (-1.73191, 2.40948)

<------Geração 51------>

[ (-2.01433, 2.40948), (-2.01433, 2.40948), (-2.01433, 2.40948), (-2.01433, 2.40948), (-2.01433, 2.40948), (-2.01433, 2.40948), (-2.01433, 2.40948), (-2.01433, 2.40948), (-2.01433, 2.40948), (-2.01433, 2.40948) ]
Média: 0.99028
Melhor (0.99028): (-2.01433, 2.40948)
Pior (0.99028): (-2.01433, 2.40948)

<------Geração 52------>

[ (-2.01433, 2.40948), (-2.01433, 2.40948), (-2.01433, 2.40948), (-2.01433, 2.40948), (-2.01433, 2.40948), (-2.01433, 2.40948), (-2.01433, 2.40948), (-2.01433, 2.40948), (-2.01433, 2.40948), (-1.60104, 2.40948) ]
Média: 0.984467
Melhor (0.99028): (-2.01433, 2.40948)
Pior (0.932155): (-1.60104, 2.40948)

<------Geração 53------>

[ (-2.01433, 2.40948), (-2.01433, 2.40948), (-2.01433, 2.40948), (-2.01433, 2.40948), (-2.01433, 2.40948), (-2.01433, 2.40948), (-2.01433, 2.40948), (-2.01433, 2.40948), (-2.01433, 2.40948), (-2.01433, 2.21225) ]
Média: 0.988184
Melhor (0.99028): (-2.01433, 2.40948)
Pior (0.969325): (-2.01433, 2.21225)

<------Geração 54------>

[ (-2.01433, 2.40948), (-2.01433, 2.40948), (-2.01433, 2.40948), (-2.01433, 2.40948), (-2.01433, 2.40948), (-2.01433, 2.40948), (-2.01433, 2.40948), (-2.01433, 2.40948), (-2.01433, 2.40948), (-2.01433, 2.40948) ]
Média: 0.99028
Melhor (0.99028): (-2.01433, 2.40948)
Pior (0.99028): (-2.01433, 2.40948)

<------Geração 55------>

[ (-2.01433, 2.40948), (-2.01433, 2.40948), (-2.01433, 2.40948), (-2.01433, 2.40948), (-2.01433, 2.40948), (-2.01433, 2.40948), (-2.01433, 2.40948), (-2.01433, 2.40948), (-2.01433, 2.40948), (-2.01433, 2.40948) ]
Média: 0.99028
Melhor (0.99028): (-2.01433, 2.40948)
Pior (0.99028): (-2.01433, 2.40948)

<------Geração 56------>

[ (-2.01433, 2.40948), (-2.01433, 2.40948), (-2.01433, 2.40948), (-2.01433, 2.40948), (-2.01433, 2.40948), (-2.01433, 2.40948), (-2.01433, 2.40948), (-2.01433, 2.40948), (-2.01433, 2.40948), (-2.01433, 2.35543) ]
Média: 0.990129
Melhor (0.99028): (-2.01433, 2.40948)
Pior (0.988776): (-2.01433, 2.35543)

<------Geração 57------>

[ (-2.01433, 2.40948), (-2.01433, 2.40948), (-2.01433, 2.40948), (-2.01433, 2.40948), (-2.01433, 2.40948), (-2.01433, 2.40948), (-2.01433, 2.40948), (-2.01433, 2.40948), (-2.01433, 2.40948), (-2.01433, 2.40948) ]
Média: 0.99028
Melhor (0.99028): (-2.01433, 2.40948)
Pior (0.99028): (-2.01433, 2.40948)

<------Geração 58------>

[ (-2.01433, 2.40948), (-2.01433, 2.40948), (-2.01433, 2.40948), (-2.01433, 2.40948), (-2.01433, 2.40948), (-2.01433, 2.40948), (-2.01433, 2.40948), (-2.01433, 2.40948), (-2.01433, 2.40948), (-1.83227, 1.77297) ]
Média: 0.959874
Melhor (0.99028): (-2.01433, 2.40948)
Pior (0.686222): (-1.83227, 1.77297)

<------Geração 59------>

[ (-2.01433, 2.40948), (-2.01433, 2.40948), (-2.01433, 2.40948), (-2.01433, 2.40948), (-2.01433, 2.40948), (-2.01433, 2.40948), (-2.01433, 2.40948), (-2.01433, 2.40948), (-1.79523, 2.40948), (-2.01433, 1.34971) ]
Média: 0.946256
Melhor (0.99028): (-2.01433, 2.40948)
Pior (0.56751): (-2.01433, 1.34971)

<------Geração 60------>

[ (-2.01433, 2.40948), (-2.01433, 2.40948), (-2.01433, 2.40948), (-2.01433, 2.40948), (-2.01433, 2.40948), (-2.01433, 2.40948), (-2.01433, 2.40948), (-2.01433, 2.40948), (-2.01433, 2.39119), (-2.01433, 2.6825) ]
Média: 0.985762
Melhor (0.99028): (-2.01433, 2.40948)
Pior (0.945232): (-2.01433, 2.6825)

<------Geração 61------>

[ (-2.01433, 2.40948), (-2.01433, 2.40948), (-2.01433, 2.40948), (-2.01433, 2.40948), (-2.01433, 2.40948), (-2.01433, 2.40948), (-2.01433, 2.40948), (-2.01433, 2.40948), (-2.01433, 2.40948), (-2.01433, 2.27838) ]
Média: 0.989352
Melhor (0.99028): (-2.01433, 2.40948)
Pior (0.981005): (-2.01433, 2.27838)

<------Geração 62------>

[ (-2.01433, 2.40948), (-2.01433, 2.40948), (-2.01433, 2.40948), (-2.01433, 2.40948), (-2.01433, 2.40948), (-2.01433, 2.40948), (-2.01433, 2.40948), (-2.01433, 2.40948), (-2.01433, 2.40948), (-2.48199, 2.40948) ]
Média: 0.980555
Melhor (0.99028): (-2.01433, 2.40948)
Pior (0.893029): (-2.48199, 2.40948)

<------Geração 63------>

[ (-2.01433, 2.40948), (-2.01433, 2.40948), (-2.01433, 2.40948), (-2.01433, 2.40948), (-2.01433, 2.40948), (-2.01433, 2.40948), (-2.01433, 2.40948), (-2.01433, 2.40948), (-2.01433, 2.24956), (-1.79333, 2.40948) ]
Média: 0.987122
Melhor (0.99028): (-2.01433, 2.40948)
Pior (0.972515): (-1.79333, 2.40948)

<------Geração 64------>

[ (-2.01433, 2.40948), (-2.01433, 2.40948), (-2.01433, 2.40948), (-2.01433, 2.40948), (-2.01433, 2.40948), (-2.01433, 2.40948), (-2.01433, 2.40948), (-2.01433, 2.40948), (-2.01433, 2.40948), (-2.01433, 2.40948) ]
Média: 0.99028
Melhor (0.99028): (-2.01433, 2.40948)
Pior (0.99028): (-2.01433, 2.40948)

<------Geração 65------>

[ (-2.01433, 2.40948), (-2.01433, 2.40948), (-2.01433, 2.40948), (-2.01433, 2.40948), (-2.01433, 2.40948), (-2.01433, 2.40948), (-2.01433, 2.40948), (-2.01433, 2.40948), (-2.01433, 2.40948), (-2.05558, 2.40948) ]
Média: 0.9902
Melhor (0.99028): (-2.01433, 2.40948)
Pior (0.989477): (-2.05558, 2.40948)

<------Geração 66------>

[ (-2.01433, 2.40948), (-2.01433, 2.40948), (-2.01433, 2.40948), (-2.01433, 2.40948), (-2.01433, 2.40948), (-2.01433, 2.40948), (-2.01433, 2.40948), (-2.01433, 2.40948), (-2.01433, 2.40948), (-2.01433, 2.40948) ]
Média: 0.99028
Melhor (0.99028): (-2.01433, 2.40948)
Pior (0.99028): (-2.01433, 2.40948)

<------Geração 67------>

[ (-2.01433, 2.40948), (-2.01433, 2.40948), (-2.01433, 2.40948), (-2.01433, 2.40948), (-2.01433, 2.40948), (-2.01433, 2.40948), (-2.01433, 2.40948), (-2.01433, 2.40948), (-2.01433, 2.40948), (-1.83993, 2.40948) ]
Média: 0.989163
Melhor (0.99028): (-2.01433, 2.40948)
Pior (0.979115): (-1.83993, 2.40948)

<------Geração 68------>

[ (-2.01433, 2.40948), (-2.01433, 2.40948), (-2.01433, 2.40948), (-2.01433, 2.40948), (-2.01433, 2.40948), (-2.01433, 2.40948), (-2.01433, 2.40948), (-2.01433, 2.40948), (-2.01433, 2.40948), (-1.80904, 2.40948) ]
Média: 0.988741
Melhor (0.99028): (-2.01433, 2.40948)
Pior (0.974895): (-1.80904, 2.40948)

<------Geração 69------>

[ (-2.01433, 2.40948), (-2.01433, 2.40948), (-2.01433, 2.40948), (-2.01433, 2.40948), (-2.01433, 2.40948), (-2.01433, 2.40948), (-2.01433, 2.40948), (-2.01433, 2.40948), (-2.01433, 2.40948), (-2.01433, 2.40948) ]
Média: 0.99028
Melhor (0.99028): (-2.01433, 2.40948)
Pior (0.99028): (-2.01433, 2.40948)

<------Geração 70------>

[ (-2.01433, 2.40948), (-2.01433, 2.40948), (-2.01433, 2.40948), (-2.01433, 2.40948), (-2.01433, 2.40948), (-2.01433, 2.40948), (-2.01433, 2.40948), (-2.01433, 2.40948), (-2.01433, 2.40948), (-2.01433, 2.40948) ]
Média: 0.99028
Melhor (0.99028): (-2.01433, 2.40948)
Pior (0.99028): (-2.01433, 2.40948)

<------Geração 71------>

[ (-2.01433, 2.40948), (-2.01433, 2.40948), (-2.01433, 2.40948), (-2.01433, 2.40948), (-2.01433, 2.40948), (-2.01433, 2.40948), (-2.01433, 2.40948), (-2.01433, 2.40948), (-2.01433, 2.40948), (-2.01433, 2.66532) ]
Média: 0.986321
Melhor (0.99028): (-2.01433, 2.40948)
Pior (0.950692): (-2.01433, 2.66532)

<------Geração 72------>

[ (-2.01433, 2.40948), (-2.01433, 2.40948), (-2.01433, 2.40948), (-2.01433, 2.40948), (-2.01433, 2.40948), (-2.01433, 2.40948), (-2.01433, 2.40948), (-2.01433, 2.40948), (-2.01433, 2.40948), (-2.01433, 2.40948) ]
Média: 0.99028
Melhor (0.99028): (-2.01433, 2.40948)
Pior (0.99028): (-2.01433, 2.40948)

<------Geração 73------>

[ (-2.01433, 2.40948), (-2.01433, 2.40948), (-2.01433, 2.40948), (-2.01433, 2.40948), (-2.01433, 2.40948), (-2.01433, 2.40948), (-2.01433, 2.40948), (-2.01433, 2.40948), (-2.01433, 2.40948), (-2.01433, 2.40948) ]
Média: 0.99028
Melhor (0.99028): (-2.01433, 2.40948)
Pior (0.99028): (-2.01433, 2.40948)

<------Geração 74------>

[ (-2.01433, 2.40948), (-2.01433, 2.40948), (-2.01433, 2.40948), (-2.01433, 2.40948), (-2.01433, 2.40948), (-2.01433, 2.40948), (-2.01433, 2.40948), (-2.01433, 2.40948), (-2.01433, 2.40948), (-2.01433, 2.40948) ]
Média: 0.99028
Melhor (0.99028): (-2.01433, 2.40948)
Pior (0.99028): (-2.01433, 2.40948)

<------Geração 75------>

[ (-2.01433, 2.40948), (-2.01433, 2.40948), (-2.01433, 2.40948), (-2.01433, 2.40948), (-2.01433, 2.40948), (-2.01433, 2.40948), (-2.01433, 2.40948), (-2.01433, 2.40948), (-2.01433, 2.40948), (-2.01433, 2.40948) ]
Média: 0.99028
Melhor (0.99028): (-2.01433, 2.40948)
Pior (0.99028): (-2.01433, 2.40948)

<------Geração 76------>

[ (-2.01433, 2.40948), (-2.01433, 2.40948), (-2.01433, 2.40948), (-2.01433, 2.40948), (-2.01433, 2.40948), (-2.01433, 2.40948), (-2.01433, 2.40948), (-2.01433, 2.40948), (-2.01433, 2.40948), (-2.01433, 2.40948) ]
Média: 0.99028
Melhor (0.99028): (-2.01433, 2.40948)
Pior (0.99028): (-2.01433, 2.40948)

<------Geração 77------>

[ (-2.01433, 2.40948), (-2.01433, 2.40948), (-2.01433, 2.40948), (-2.01433, 2.40948), (-2.01433, 2.40948), (-2.01433, 2.40948), (-2.01433, 2.40948), (-2.01433, 2.40948), (-2.01433, 2.40948), (-2.01433, 2.40948) ]
Média: 0.99028
Melhor (0.99028): (-2.01433, 2.40948)
Pior (0.99028): (-2.01433, 2.40948)

<------Geração 78------>

[ (-2.01433, 2.40948), (-2.01433, 2.40948), (-2.01433, 2.40948), (-2.01433, 2.40948), (-2.01433, 2.40948), (-2.01433, 2.40948), (-2.01433, 2.40948), (-2.01433, 2.40948), (-2.01433, 2.40948), (-2.01433, 2.40948) ]
Média: 0.99028
Melhor (0.99028): (-2.01433, 2.40948)
Pior (0.99028): (-2.01433, 2.40948)

<------Geração 79------>

[ (-2.01433, 2.40948), (-2.01433, 2.40948), (-2.01433, 2.40948), (-2.01433, 2.40948), (-2.01433, 2.40948), (-2.01433, 2.40948), (-2.01433, 2.40948), (-2.01433, 2.40948), (-2.01433, 2.40948), (-1.27238, 2.40948) ]
Média: 0.974369
Melhor (0.99028): (-2.01433, 2.40948)
Pior (0.831175): (-1.27238, 2.40948)

<------Geração 80------>

[ (-2.01433, 2.40948), (-2.01433, 2.40948), (-2.01433, 2.40948), (-2.01433, 2.40948), (-2.01433, 2.40948), (-2.01433, 2.40948), (-2.01433, 2.40948), (-2.01433, 2.40948), (-2.01433, 2.40948), (-2.01433, 0.833239) ]
Média: 0.924145
Melhor (0.99028): (-2.01433, 2.40948)
Pior (0.328935): (-2.01433, 0.833239)

<------Geração 81------>

[ (-2.01433, 2.40948), (-2.01433, 2.40948), (-2.01433, 2.40948), (-2.01433, 2.40948), (-2.01433, 2.40948), (-2.01433, 2.40948), (-2.01433, 2.40948), (-2.01433, 2.40948), (-2.01433, 2.40948), (-2.01433, 2.40948) ]
Média: 0.99028
Melhor (0.99028): (-2.01433, 2.40948)
Pior (0.99028): (-2.01433, 2.40948)

<------Geração 82------>

[ (-2.01433, 2.40948), (-2.01433, 2.40948), (-2.01433, 2.40948), (-2.01433, 2.40948), (-2.01433, 2.40948), (-2.01433, 2.40948), (-2.01433, 2.40948), (-2.01433, 2.40948), (-2.01433, 2.40948), (-1.94989, 2.40948) ]
Média: 0.990132
Melhor (0.99028): (-2.01433, 2.40948)
Pior (0.988802): (-1.94989, 2.40948)

<------Geração 83------>

[ (-2.01433, 2.40948), (-2.01433, 2.40948), (-2.01433, 2.40948), (-2.01433, 2.40948), (-2.01433, 2.40948), (-2.01433, 2.40948), (-2.01433, 2.40948), (-2.01433, 2.40948), (-2.01433, 2.4128), (-1.94295, 2.40948) ]
Média: 0.990095
Melhor (0.99028): (-2.01433, 2.40948)
Pior (0.988451): (-1.94295, 2.40948)

<------Geração 84------>

[ (-2.01433, 2.40948), (-2.01433, 2.40948), (-2.01433, 2.40948), (-2.01433, 2.40948), (-2.01433, 2.40948), (-2.01433, 2.40948), (-2.01433, 2.40948), (-2.01433, 2.40948), (-2.01433, 2.40948), (-2.01433, 2.40948) ]
Média: 0.99028
Melhor (0.99028): (-2.01433, 2.40948)
Pior (0.99028): (-2.01433, 2.40948)

<------Geração 85------>

[ (-2.01433, 2.40948), (-2.01433, 2.40948), (-2.01433, 2.40948), (-2.01433, 2.40948), (-2.01433, 2.40948), (-2.01433, 2.40948), (-2.01433, 2.40948), (-2.01433, 2.40948), (-2.01433, 2.40948), (-2.46951, 2.40948) ]
Média: 0.981071
Melhor (0.99028): (-2.01433, 2.40948)
Pior (0.898196): (-2.46951, 2.40948)

<------Geração 86------>

[ (-2.01433, 2.40948), (-2.01433, 2.40948), (-2.01433, 2.40948), (-2.01433, 2.40948), (-2.01433, 2.40948), (-2.01433, 2.40948), (-2.01433, 2.40948), (-2.01433, 2.40948), (-2.01433, 2.40948), (-2.01433, 1.658) ]
Média: 0.965136
Melhor (0.99028): (-2.01433, 2.40948)
Pior (0.738844): (-2.01433, 1.658)

<------Geração 87------>

[ (-2.01433, 2.40948), (-2.01433, 2.40948), (-2.01433, 2.40948), (-2.01433, 2.40948), (-2.01433, 2.40948), (-2.01433, 2.40948), (-2.01433, 2.40948), (-2.01433, 2.40948), (-2.01433, 2.40948), (-2.2598, 2.40948) ]
Média: 0.987639
Melhor (0.99028): (-2.01433, 2.40948)
Pior (0.963876): (-2.2598, 2.40948)

<------Geração 88------>

[ (-2.01433, 2.40948), (-2.01433, 2.40948), (-2.01433, 2.40948), (-2.01433, 2.40948), (-2.01433, 2.40948), (-2.01433, 2.40948), (-2.01433, 2.40948), (-2.01433, 2.40948), (-2.01433, 2.40948), (-2.01433, 1.72126) ]
Média: 0.968551
Melhor (0.99028): (-2.01433, 2.40948)
Pior (0.772992): (-2.01433, 1.72126)

<------Geração 89------>

[ (-2.01433, 2.40948), (-2.01433, 2.40948), (-2.01433, 2.40948), (-2.01433, 2.40948), (-2.01433, 2.40948), (-2.01433, 2.40948), (-2.01433, 2.40948), (-2.01433, 2.40948), (-2.01433, 2.40948), (-2.01433, 2.05153) ]
Média: 0.983614
Melhor (0.99028): (-2.01433, 2.40948)
Pior (0.923624): (-2.01433, 2.05153)

<------Geração 90------>

[ (-2.01433, 2.40948), (-2.01433, 2.40948), (-2.01433, 2.40948), (-2.01433, 2.40948), (-2.01433, 2.40948), (-2.01433, 2.40948), (-2.01433, 2.40948), (-2.01433, 2.40948), (-2.01433, 2.40948), (-2.4375, 2.40948) ]
Média: 0.982333
Melhor (0.99028): (-2.01433, 2.40948)
Pior (0.910813): (-2.4375, 2.40948)

<------Geração 91------>

[ (-2.01433, 2.40948), (-2.01433, 2.40948), (-2.01433, 2.40948), (-2.01433, 2.40948), (-2.01433, 2.40948), (-2.01433, 2.40948), (-2.01433, 2.40948), (-2.01433, 2.40948), (-1.70584, 2.40948), (-2.7515, 2.40948) ]
Média: 0.962881
Melhor (0.99028): (-2.01433, 2.40948)
Pior (0.750012): (-2.7515, 2.40948)

<------Geração 92------>

[ (-2.01433, 2.40948), (-2.01433, 2.40948), (-2.01433, 2.40948), (-2.01433, 2.40948), (-2.01433, 2.40948), (-2.01433, 2.40948), (-2.01433, 2.40948), (-2.01433, 2.40948), (-2.01433, 2.40948), (-2.01433, 2.40948) ]
Média: 0.99028
Melhor (0.99028): (-2.01433, 2.40948)
Pior (0.99028): (-2.01433, 2.40948)

<------Geração 93------>

[ (-2.01433, 2.40948), (-2.01433, 2.40948), (-2.01433, 2.40948), (-2.01433, 2.40948), (-2.01433, 2.40948), (-2.01433, 2.40948), (-2.01433, 2.40948), (-2.01433, 2.40948), (-2.01433, 2.40948), (-2.01433, 2.40948) ]
Média: 0.99028
Melhor (0.99028): (-2.01433, 2.40948)
Pior (0.99028): (-2.01433, 2.40948)

<------Geração 94------>

[ (-2.01433, 2.40948), (-2.01433, 2.40948), (-2.01433, 2.40948), (-2.01433, 2.40948), (-2.01433, 2.40948), (-2.01433, 2.40948), (-2.01433, 2.40948), (-2.01433, 2.40948), (-2.01433, 2.40948), (-1.8684, 2.40948) ]
Média: 0.989496
Melhor (0.99028): (-2.01433, 2.40948)
Pior (0.982442): (-1.8684, 2.40948)

<------Geração 95------>

[ (-2.01433, 2.40948), (-2.01433, 2.40948), (-2.01433, 2.40948), (-2.01433, 2.40948), (-2.01433, 2.40948), (-2.01433, 2.40948), (-2.01433, 2.40948), (-2.01433, 2.40948), (-2.01433, 2.40948), (-2.18505, 2.40948) ]
Média: 0.989007
Melhor (0.99028): (-2.01433, 2.40948)
Pior (0.977549): (-2.18505, 2.40948)

<------Geração 96------>

[ (-2.01433, 2.40948), (-2.01433, 2.40948), (-2.01433, 2.40948), (-2.01433, 2.40948), (-2.01433, 2.40948), (-2.01433, 2.40948), (-2.01433, 2.40948), (-2.01433, 2.40948), (-2.01433, 2.40948), (-2.01433, 2.61122) ]
Média: 0.987811
Melhor (0.99028): (-2.01433, 2.40948)
Pior (0.96559): (-2.01433, 2.61122)

<------Geração 97------>

[ (-2.01433, 2.40948), (-2.01433, 2.40948), (-2.01433, 2.40948), (-2.01433, 2.40948), (-2.01433, 2.40948), (-2.01433, 2.40948), (-2.01433, 2.40948), (-2.01433, 2.40948), (-2.01433, 2.40948), (-2.01433, 2.58339) ]
Média: 0.988441
Melhor (0.99028): (-2.01433, 2.40948)
Pior (0.97189): (-2.01433, 2.58339)

<------Geração 98------>

[ (-2.01433, 2.40948), (-2.01433, 2.40948), (-2.01433, 2.40948), (-2.01433, 2.40948), (-2.01433, 2.40948), (-2.01433, 2.40948), (-2.01433, 2.40948), (-2.01433, 2.40948), (-1.73139, 2.40948), (-2.01433, 1.9733) ]
Média: 0.977762
Melhor (0.99028): (-2.01433, 2.40948)
Pior (0.893706): (-2.01433, 1.9733)

<------Geração 99------>

[ (-2.01433, 2.40948), (-2.01433, 2.40948), (-2.01433, 2.40948), (-2.01433, 2.40948), (-2.01433, 2.40948), (-2.01433, 2.40948), (-2.01433, 2.40948), (-2.01433, 2.40948), (-2.01433, 2.40948), (-2.01433, 2.5373) ]
Média: 0.98928
Melhor (0.99028): (-2.01433, 2.40948)
Pior (0.980278): (-2.01433, 2.5373)

<------Geração 100------>

[ (-2.01433, 2.40948), (-2.01433, 2.40948), (-2.01433, 2.40948), (-2.01433, 2.40948), (-2.01433, 2.40948), (-2.01433, 2.40948), (-2.01433, 2.40948), (-2.01433, 2.40948), (-2.01433, 2.77324), (-2.01433, 1.38795) ]
Média: 0.942141
Melhor (0.99028): (-2.01433, 2.40948)
Pior (0.588466): (-2.01433, 1.38795)

<------Geração 101------>

[ (-2.01433, 2.40948), (-2.01433, 2.40948), (-2.01433, 2.40948), (-2.01433, 2.40948), (-2.01433, 2.40948), (-2.01433, 2.40948), (-2.01433, 2.40948), (-2.01433, 2.40948), (-2.01433, 2.40948), (-2.01433, 2.40948) ]
Média: 0.99028
Melhor (0.99028): (-2.01433, 2.40948)
Pior (0.99028): (-2.01433, 2.40948)

<------Geração 102------>

[ (-2.01433, 2.40948), (-2.01433, 2.40948), (-2.01433, 2.40948), (-2.01433, 2.40948), (-2.01433, 2.40948), (-2.01433, 2.40948), (-2.01433, 2.40948), (-2.01433, 2.40948), (-2.01433, 2.40948), (-2.01433, 2.40948) ]
Média: 0.99028
Melhor (0.99028): (-2.01433, 2.40948)
Pior (0.99028): (-2.01433, 2.40948)

<------Geração 103------>

[ (-2.01433, 2.40948), (-2.01433, 2.40948), (-2.01433, 2.40948), (-2.01433, 2.40948), (-2.01433, 2.40948), (-2.01433, 2.40948), (-2.01433, 2.40948), (-2.01433, 2.40948), (-2.01433, 2.40948), (-2.01433, 2.40948) ]
Média: 0.99028
Melhor (0.99028): (-2.01433, 2.40948)
Pior (0.99028): (-2.01433, 2.40948)

<------Geração 104------>

[ (-2.01433, 2.40948), (-2.01433, 2.40948), (-2.01433, 2.40948), (-2.01433, 2.40948), (-2.01433, 2.40948), (-2.01433, 2.40948), (-2.01433, 2.40948), (-2.01433, 2.40948), (-2.01433, 2.40948), (-2.01433, 2.40948) ]
Média: 0.99028
Melhor (0.99028): (-2.01433, 2.40948)
Pior (0.99028): (-2.01433, 2.40948)

<------Geração 105------>

[ (-2.01433, 2.40948), (-2.01433, 2.40948), (-2.01433, 2.40948), (-2.01433, 2.40948), (-2.01433, 2.40948), (-2.01433, 2.40948), (-2.01433, 2.40948), (-2.01433, 2.40948), (-2.01433, 2.40948), (-1.93068, 2.63491) ]
Média: 0.988681
Melhor (0.99028): (-2.01433, 2.40948)
Pior (0.974294): (-1.93068, 2.63491)

<------Geração 106------>

[ (-2.01433, 2.40948), (-2.01433, 2.40948), (-2.01433, 2.40948), (-2.01433, 2.40948), (-2.01433, 2.40948), (-2.01433, 2.40948), (-2.01433, 2.40948), (-2.01433, 2.40948), (-2.01433, 2.40948), (-2.01433, 2.40948) ]
Média: 0.99028
Melhor (0.99028): (-2.01433, 2.40948)
Pior (0.99028): (-2.01433, 2.40948)

<------Geração 107------>

[ (-2.01433, 2.40948), (-2.01433, 2.40948), (-2.01433, 2.40948), (-2.01433, 2.40948), (-2.01433, 2.40948), (-2.01433, 2.40948), (-2.01433, 2.40948), (-2.01433, 2.40948), (-2.01433, 2.40948), (-2.01433, 2.40948) ]
Média: 0.99028
Melhor (0.99028): (-2.01433, 2.40948)
Pior (0.99028): (-2.01433, 2.40948)

<------Geração 108------>

[ (-2.01433, 2.40948), (-2.01433, 2.40948), (-2.01433, 2.40948), (-2.01433, 2.40948), (-2.01433, 2.40948), (-2.01433, 2.40948), (-2.01433, 2.40948), (-2.01433, 2.40948), (-2.01433, 2.10207), (-1.64348, 1.56165) ]
Média: 0.927497
Melhor (0.99028): (-2.01433, 2.40948)
Pior (0.41229): (-1.64348, 1.56165)

<------Geração 109------>

[ (-2.01433, 2.40948), (-2.01433, 2.40948), (-2.01433, 2.40948), (-2.01433, 2.40948), (-2.01433, 2.40948), (-2.01433, 2.40948), (-2.01433, 2.40948), (-2.01433, 2.40948), (-1.92767, 2.40948), (-2.37069, 2.40948) ]
Média: 0.984395
Melhor (0.99028): (-2.01433, 2.40948)
Pior (0.934161): (-2.37069, 2.40948)

<------Geração 110------>

[ (-2.01433, 2.40948), (-2.01433, 2.40948), (-2.01433, 2.40948), (-2.01433, 2.40948), (-2.01433, 2.40948), (-2.01433, 2.40948), (-2.01433, 2.40948), (-2.01433, 2.40948), (-2.01433, 2.40948), (-2.01433, 2.40948) ]
Média: 0.99028
Melhor (0.99028): (-2.01433, 2.40948)
Pior (0.99028): (-2.01433, 2.40948)

<------Geração 111------>

[ (-2.01433, 2.40948), (-2.01433, 2.40948), (-2.01433, 2.40948), (-2.01433, 2.40948), (-2.01433, 2.40948), (-2.01433, 2.40948), (-2.01433, 2.40948), (-2.01433, 2.40948), (-2.01433, 2.40948), (-2.01433, 2.21849) ]
Média: 0.988314
Melhor (0.99028): (-2.01433, 2.40948)
Pior (0.970617): (-2.01433, 2.21849)

<------Geração 112------>

[ (-2.01433, 2.40948), (-2.01433, 2.40948), (-2.01433, 2.40948), (-2.01433, 2.40948), (-2.01433, 2.40948), (-2.01433, 2.40948), (-2.01433, 2.40948), (-2.01433, 2.40948), (-2.01433, 2.40948), (-1.65242, 2.40948) ]
Média: 0.98573
Melhor (0.99028): (-2.01433, 2.40948)
Pior (0.944777): (-1.65242, 2.40948)

<------Geração 113------>

[ (-2.01433, 2.40948), (-2.01433, 2.40948), (-2.01433, 2.40948), (-2.01433, 2.40948), (-2.01433, 2.40948), (-2.01433, 2.40948), (-2.01433, 2.40948), (-2.01433, 2.40948), (-2.01433, 2.40948), (-2.01433, 2.40948) ]
Média: 0.99028
Melhor (0.99028): (-2.01433, 2.40948)
Pior (0.99028): (-2.01433, 2.40948)

<------Geração 114------>

[ (-2.01433, 2.40948), (-2.01433, 2.40948), (-2.01433, 2.40948), (-2.01433, 2.40948), (-2.01433, 2.40948), (-2.01433, 2.40948), (-2.01433, 2.40948), (-2.01433, 2.40948), (-2.01433, 2.40948), (-1.33729, 2.40948) ]
Média: 0.976547
Melhor (0.99028): (-2.01433, 2.40948)
Pior (0.852956): (-1.33729, 2.40948)

<------Geração 115------>

[ (-2.01433, 2.40948), (-2.01433, 2.40948), (-2.01433, 2.40948), (-2.01433, 2.40948), (-2.01433, 2.40948), (-2.01433, 2.40948), (-2.01433, 2.40948), (-2.01433, 2.40948), (-2.01433, 2.40948), (-2.01433, 2.40948) ]
Média: 0.99028
Melhor (0.99028): (-2.01433, 2.40948)
Pior (0.99028): (-2.01433, 2.40948)

<------Geração 116------>

[ (-2.01433, 2.40948), (-2.01433, 2.40948), (-2.01433, 2.40948), (-2.01433, 2.40948), (-2.01433, 2.40948), (-2.01433, 2.40948), (-2.01433, 2.40948), (-2.01433, 2.40948), (-2.01433, 2.40948), (-1.14578, 2.40948) ]
Média: 0.970042
Melhor (0.99028): (-2.01433, 2.40948)
Pior (0.787896): (-1.14578, 2.40948)

<------Geração 117------>

[ (-2.01433, 2.40948), (-2.01433, 2.40948), (-2.01433, 2.40948), (-2.01433, 2.40948), (-2.01433, 2.40948), (-2.01433, 2.40948), (-2.01433, 2.40948), (-2.01433, 2.40948), (-2.01433, 2.40948), (-2.35016, 2.40948) ]
Média: 0.985303
Melhor (0.99028): (-2.01433, 2.40948)
Pior (0.940516): (-2.35016, 2.40948)

<------Geração 118------>

[ (-2.01433, 2.40948), (-2.01433, 2.40948), (-2.01433, 2.40948), (-2.01433, 2.40948), (-2.01433, 2.40948), (-2.01433, 2.40948), (-2.01433, 2.40948), (-2.01433, 2.40948), (-2.01433, 2.40948), (-2.01433, 2.40948) ]
Média: 0.99028
Melhor (0.99028): (-2.01433, 2.40948)
Pior (0.99028): (-2.01433, 2.40948)

<------Geração 119------>

[ (-2.01433, 2.40948), (-2.01433, 2.40948), (-2.01433, 2.40948), (-2.01433, 2.40948), (-2.01433, 2.40948), (-2.01433, 2.40948), (-2.01433, 2.40948), (-1.91162, 2.40948), (-2.01433, 2.5604), (-2.01433, 2.07406) ]
Média: 0.982615
Melhor (0.99028): (-2.01433, 2.40948)
Pior (0.931379): (-2.01433, 2.07406)

<------Geração 120------>

[ (-2.01433, 2.40948), (-2.01433, 2.40948), (-2.01433, 2.40948), (-2.01433, 2.40948), (-2.01433, 2.40948), (-2.01433, 2.40948), (-2.01433, 2.40948), (-2.01433, 2.40948), (-2.01433, 2.40948), (-2.01433, 2.40948) ]
Média: 0.99028
Melhor (0.99028): (-2.01433, 2.40948)
Pior (0.99028): (-2.01433, 2.40948)

<------Geração 121------>

[ (-2.01433, 2.40948), (-2.01433, 2.40948), (-2.01433, 2.40948), (-2.01433, 2.40948), (-2.01433, 2.40948), (-2.01433, 2.40948), (-2.01433, 2.40948), (-2.01433, 2.40948), (-2.01433, 2.40948), (-2.01433, 2.40948) ]
Média: 0.99028
Melhor (0.99028): (-2.01433, 2.40948)
Pior (0.99028): (-2.01433, 2.40948)

<------Geração 122------>

[ (-2.01433, 2.40948), (-2.01433, 2.40948), (-2.01433, 2.40948), (-2.01433, 2.40948), (-2.01433, 2.40948), (-2.01433, 2.40948), (-2.01433, 2.40948), (-2.01433, 2.40948), (-2.01433, 2.40948), (-2.01433, 2.40948) ]
Média: 0.99028
Melhor (0.99028): (-2.01433, 2.40948)
Pior (0.99028): (-2.01433, 2.40948)

<------Geração 123------>

[ (-2.01433, 2.40948), (-2.01433, 2.40948), (-2.01433, 2.40948), (-2.01433, 2.40948), (-2.01433, 2.40948), (-2.01433, 2.40948), (-2.01433, 2.40948), (-2.01433, 2.40948), (-2.2236, 2.40948), (-2.3425, 2.40948) ]
Média: 0.983616
Melhor (0.99028): (-2.01433, 2.40948)
Pior (0.942789): (-2.3425, 2.40948)

<------Geração 124------>

[ (-2.01433, 2.40948), (-2.01433, 2.40948), (-2.01433, 2.40948), (-2.01433, 2.40948), (-2.01433, 2.40948), (-2.01433, 2.40948), (-2.01433, 2.40948), (-2.01433, 2.40948), (-2.01433, 2.40948), (-2.01433, 2.40948) ]
Média: 0.99028
Melhor (0.99028): (-2.01433, 2.40948)
Pior (0.99028): (-2.01433, 2.40948)

<------Geração 125------>

[ (-2.01433, 2.40948), (-2.01433, 2.40948), (-2.01433, 2.40948), (-2.01433, 2.40948), (-2.01433, 2.40948), (-2.01433, 2.40948), (-2.01433, 2.40948), (-2.01433, 2.40948), (-2.01433, 2.40948), (-1.97612, 2.40948) ]
Média: 0.990231
Melhor (0.99028): (-2.01433, 2.40948)
Pior (0.989796): (-1.97612, 2.40948)

<------Geração 126------>

[ (-2.01433, 2.40948), (-2.01433, 2.40948), (-2.01433, 2.40948), (-2.01433, 2.40948), (-2.01433, 2.40948), (-2.01433, 2.40948), (-2.01433, 2.40948), (-2.01433, 2.40948), (-2.01433, 2.40948), (-2.01433, 2.40948) ]
Média: 0.99028
Melhor (0.99028): (-2.01433, 2.40948)
Pior (0.99028): (-2.01433, 2.40948)

<------Geração 127------>

[ (-2.01433, 2.40948), (-2.01433, 2.40948), (-2.01433, 2.40948), (-2.01433, 2.40948), (-2.01433, 2.40948), (-2.01433, 2.40948), (-2.01433, 2.40948), (-2.01433, 2.40948), (-2.01433, 2.40948), (-2.01433, 2.40948) ]
Média: 0.99028
Melhor (0.99028): (-2.01433, 2.40948)
Pior (0.99028): (-2.01433, 2.40948)

<------Geração 128------>

[ (-2.01433, 2.40948), (-2.01433, 2.40948), (-2.01433, 2.40948), (-2.01433, 2.40948), (-2.01433, 2.40948), (-2.01433, 2.40948), (-2.01433, 2.40948), (-2.01433, 2.40948), (-2.01433, 2.40948), (-2.16817, 2.40948) ]
Média: 0.989246
Melhor (0.99028): (-2.01433, 2.40948)
Pior (0.979938): (-2.16817, 2.40948)

<------Geração 129------>

[ (-2.01433, 2.40948), (-2.01433, 2.40948), (-2.01433, 2.40948), (-2.01433, 2.40948), (-2.01433, 2.40948), (-2.01433, 2.40948), (-2.01433, 2.40948), (-2.01433, 2.40948), (-2.01433, 2.40948), (-1.68557, 2.40948) ]
Média: 0.986478
Melhor (0.99028): (-2.01433, 2.40948)
Pior (0.952261): (-1.68557, 2.40948)

<------Geração 130------>

[ (-2.01433, 2.40948), (-2.01433, 2.40948), (-2.01433, 2.40948), (-2.01433, 2.40948), (-2.01433, 2.40948), (-2.01433, 2.40948), (-2.01433, 2.40948), (-2.01433, 2.40948), (-2.01433, 2.40948), (-2.14833, 2.40948) ]
Média: 0.989494
Melhor (0.99028): (-2.01433, 2.40948)
Pior (0.982421): (-2.14833, 2.40948)

<------Geração 131------>

[ (-2.01433, 2.40948), (-2.01433, 2.40948), (-2.01433, 2.40948), (-2.01433, 2.40948), (-2.01433, 2.40948), (-2.01433, 2.40948), (-2.01433, 2.40948), (-2.01433, 2.40948), (-2.01433, 2.40948), (-2.01433, 2.1162) ]
Média: 0.985728
Melhor (0.99028): (-2.01433, 2.40948)
Pior (0.944759): (-2.01433, 2.1162)

<------Geração 132------>

[ (-2.01433, 2.40948), (-2.01433, 2.40948), (-2.01433, 2.40948), (-2.01433, 2.40948), (-2.01433, 2.40948), (-2.01433, 2.40948), (-2.01433, 2.40948), (-2.01433, 2.40948), (-2.01433, 2.40948), (-2.72841, 2.40948) ]
Média: 0.967693
Melhor (0.99028): (-2.01433, 2.40948)
Pior (0.764415): (-2.72841, 2.40948)

<------Geração 133------>

[ (-2.01433, 2.40948), (-2.01433, 2.40948), (-2.01433, 2.40948), (-2.01433, 2.40948), (-2.01433, 2.40948), (-2.01433, 2.40948), (-2.01433, 2.40948), (-2.01433, 2.40948), (-2.01433, 2.40948), (-2.01433, 2.40948) ]
Média: 0.99028
Melhor (0.99028): (-2.01433, 2.40948)
Pior (0.99028): (-2.01433, 2.40948)

<------Geração 134------>

[ (-2.01433, 2.40948), (-2.01433, 2.40948), (-2.01433, 2.40948), (-2.01433, 2.40948), (-2.01433, 2.40948), (-2.01433, 2.40948), (-2.01433, 2.40948), (-2.01433, 2.40948), (-2.01433, 2.40948), (-2.06338, 2.40948) ]
Média: 0.990169
Melhor (0.99028): (-2.01433, 2.40948)
Pior (0.989166): (-2.06338, 2.40948)

<------Geração 135------>

[ (-2.01433, 2.40948), (-2.01433, 2.40948), (-2.01433, 2.40948), (-2.01433, 2.40948), (-2.01433, 2.40948), (-2.01433, 2.40948), (-2.01433, 2.40948), (-2.01433, 2.40948), (-2.01433, 2.40948), (-2.01433, 2.40948) ]
Média: 0.99028
Melhor (0.99028): (-2.01433, 2.40948)
Pior (0.99028): (-2.01433, 2.40948)

<------Geração 136------>

[ (-2.01433, 2.40948), (-2.01433, 2.40948), (-2.01433, 2.40948), (-2.01433, 2.40948), (-2.01433, 2.40948), (-2.01433, 2.40948), (-2.01433, 2.40948), (-2.01433, 2.40948), (-2.01433, 2.40948), (-2.01433, 2.40948) ]
Média: 0.99028
Melhor (0.99028): (-2.01433, 2.40948)
Pior (0.99028): (-2.01433, 2.40948)

<------Geração 137------>

[ (-2.01433, 2.40948), (-2.01433, 2.40948), (-2.01433, 2.40948), (-2.01433, 2.40948), (-2.01433, 2.40948), (-2.01433, 2.40948), (-2.01433, 2.40948), (-2.01433, 2.40948), (-2.01433, 2.54646), (-2.01433, 1.41496) ]
Média: 0.950446
Melhor (0.99028): (-2.01433, 2.40948)
Pior (0.603407): (-2.01433, 1.41496)

<------Geração 138------>

[ (-2.01433, 2.40948), (-2.01433, 2.40948), (-2.01433, 2.40948), (-2.01433, 2.40948), (-2.01433, 2.40948), (-2.01433, 2.40948), (-2.01433, 2.40948), (-2.01433, 2.40948), (-2.01433, 2.40948), (-1.44448, 2.40948) ]
Média: 0.979996
Melhor (0.99028): (-2.01433, 2.40948)
Pior (0.887437): (-1.44448, 2.40948)

<------Geração 139------>

[ (-2.01433, 2.40948), (-2.01433, 2.40948), (-2.01433, 2.40948), (-2.01433, 2.40948), (-2.01433, 2.40948), (-2.01433, 2.40948), (-2.01433, 2.40948), (-2.01433, 2.40948), (-2.01433, 2.40948), (-2.01433, 2.40948) ]
Média: 0.99028
Melhor (0.99028): (-2.01433, 2.40948)
Pior (0.99028): (-2.01433, 2.40948)

<------Geração 140------>

[ (-2.01433, 2.40948), (-2.01433, 2.40948), (-2.01433, 2.40948), (-2.01433, 2.40948), (-2.01433, 2.40948), (-2.01433, 2.40948), (-2.01433, 2.40948), (-2.01433, 2.40948), (-2.01433, 2.40948), (-2.34913, 2.40948) ]
Média: 0.985334
Melhor (0.99028): (-2.01433, 2.40948)
Pior (0.940826): (-2.34913, 2.40948)

<------Geração 141------>

[ (-2.01433, 2.40948), (-2.01433, 2.40948), (-2.01433, 2.40948), (-2.01433, 2.40948), (-2.01433, 2.40948), (-2.01433, 2.40948), (-2.01433, 2.40948), (-2.01433, 2.40948), (-2.01433, 2.40948), (-2.01433, 2.40948) ]
Média: 0.99028
Melhor (0.99028): (-2.01433, 2.40948)
Pior (0.99028): (-2.01433, 2.40948)

<------Geração 142------>

[ (-2.01433, 2.40948), (-2.01433, 2.40948), (-2.01433, 2.40948), (-2.01433, 2.40948), (-2.01433, 2.40948), (-2.01433, 2.40948), (-2.01433, 2.40948), (-2.01433, 2.40948), (-2.01433, 2.40948), (-2.01433, 2.01063) ]
Média: 0.982106
Melhor (0.99028): (-2.01433, 2.40948)
Pior (0.90854): (-2.01433, 2.01063)

<------Geração 143------>

[ (-2.01433, 2.40948), (-2.01433, 2.40948), (-2.01433, 2.40948), (-2.01433, 2.40948), (-2.01433, 2.40948), (-2.01433, 2.40948), (-2.01433, 2.40948), (-2.01433, 2.40948), (-2.01433, 2.40948), (-1.68835, 2.40948) ]
Média: 0.986538
Melhor (0.99028): (-2.01433, 2.40948)
Pior (0.952863): (-1.68835, 2.40948)

<------Geração 144------>

[ (-2.01433, 2.40948), (-2.01433, 2.40948), (-2.01433, 2.40948), (-2.01433, 2.40948), (-2.01433, 2.40948), (-2.01433, 2.40948), (-2.01433, 2.40948), (-2.01433, 2.40948), (-2.01433, 2.40948), (-2.01433, 2.40948) ]
Média: 0.99028
Melhor (0.99028): (-2.01433, 2.40948)
Pior (0.99028): (-2.01433, 2.40948)

<------Geração 145------>

[ (-2.01433, 2.40948), (-2.01433, 2.40948), (-2.01433, 2.40948), (-2.01433, 2.40948), (-2.01433, 2.40948), (-2.01433, 2.40948), (-2.01433, 2.40948), (-2.01433, 2.40948), (-2.16219, 2.40948), (-2.01433, 2.12716) ]
Média: 0.985095
Melhor (0.99028): (-2.01433, 2.40948)
Pior (0.94799): (-2.01433, 2.12716)

<------Geração 146------>

[ (-2.01433, 2.40948), (-2.01433, 2.40948), (-2.01433, 2.40948), (-2.01433, 2.40948), (-2.01433, 2.40948), (-2.01433, 2.40948), (-2.01433, 2.40948), (-2.01433, 2.40948), (-2.01433, 2.40948), (-2.18097, 2.40948) ]
Média: 0.989067
Melhor (0.99028): (-2.01433, 2.40948)
Pior (0.978149): (-2.18097, 2.40948)

<------Geração 147------>

[ (-2.01433, 2.40948), (-2.01433, 2.40948), (-2.01433, 2.40948), (-2.01433, 2.40948), (-2.01433, 2.40948), (-2.01433, 2.40948), (-2.01433, 2.40948), (-2.01433, 2.40948), (-2.01433, 2.40948), (-2.43383, 2.40948) ]
Média: 0.982472
Melhor (0.99028): (-2.01433, 2.40948)
Pior (0.9122): (-2.43383, 2.40948)

<------Geração 148------>

[ (-2.01433, 2.40948), (-2.01433, 2.40948), (-2.01433, 2.40948), (-2.01433, 2.40948), (-2.01433, 2.40948), (-2.01433, 2.40948), (-2.01433, 2.40948), (-2.01433, 2.40948), (-2.01433, 2.40948), (-2.01433, 2.40948) ]
Média: 0.99028
Melhor (0.99028): (-2.01433, 2.40948)
Pior (0.99028): (-2.01433, 2.40948)

<------Geração 149------>

[ (-2.01433, 2.40948), (-2.01433, 2.40948), (-2.01433, 2.40948), (-2.01433, 2.40948), (-2.01433, 2.40948), (-2.01433, 2.40948), (-2.01433, 2.40948), (-2.01433, 2.40948), (-2.01433, 2.40948), (-2.01433, 2.40948) ]
Média: 0.99028
Melhor (0.99028): (-2.01433, 2.40948)
Pior (0.99028): (-2.01433, 2.40948)

<------Geração 150------>

[ (-2.01433, 2.40948), (-2.01433, 2.40948), (-2.01433, 2.40948), (-2.01433, 2.40948), (-2.01433, 2.40948), (-2.01433, 2.40948), (-2.01433, 2.40948), (-2.01433, 2.40948), (-2.01433, 2.40948), (-2.01433, 2.40948) ]
Média: 0.99028
Melhor (0.99028): (-2.01433, 2.40948)
Pior (0.99028): (-2.01433, 2.40948)

<------Geração 151------>

[ (-2.01433, 2.40948), (-2.01433, 2.40948), (-2.01433, 2.40948), (-2.01433, 2.40948), (-2.01433, 2.40948), (-2.01433, 2.40948), (-2.01433, 2.40948), (-2.01433, 2.40948), (-2.01433, 2.40948), (-2.01433, 2.40948) ]
Média: 0.99028
Melhor (0.99028): (-2.01433, 2.40948)
Pior (0.99028): (-2.01433, 2.40948)

<------Geração 152------>

[ (-2.01433, 2.40948), (-2.01433, 2.40948), (-2.01433, 2.40948), (-2.01433, 2.40948), (-2.01433, 2.40948), (-2.01433, 2.40948), (-2.01433, 2.40948), (-2.01433, 2.40948), (-2.01433, 2.40948), (-2.37998, 2.40948) ]
Média: 0.984368
Melhor (0.99028): (-2.01433, 2.40948)
Pior (0.931159): (-2.37998, 2.40948)

<------Geração 153------>

[ (-2.01433, 2.40948), (-2.01433, 2.40948), (-2.01433, 2.40948), (-2.01433, 2.40948), (-2.01433, 2.40948), (-2.01433, 2.40948), (-2.01433, 2.40948), (-2.01433, 2.40948), (-2.01433, 2.40948), (-2.01433, 2.40948) ]
Média: 0.99028
Melhor (0.99028): (-2.01433, 2.40948)
Pior (0.99028): (-2.01433, 2.40948)

<------Geração 154------>

[ (-2.01433, 2.40948), (-2.01433, 2.40948), (-2.01433, 2.40948), (-2.01433, 2.40948), (-2.01433, 2.40948), (-2.01433, 2.40948), (-2.01433, 2.40948), (-2.01433, 2.40948), (-2.01433, 2.40948), (-2.01433, 2.40948) ]
Média: 0.99028
Melhor (0.99028): (-2.01433, 2.40948)
Pior (0.99028): (-2.01433, 2.40948)

<------Geração 155------>

[ (-2.01433, 2.40948), (-2.01433, 2.40948), (-2.01433, 2.40948), (-2.01433, 2.40948), (-2.01433, 2.40948), (-2.01433, 2.40948), (-2.01433, 2.40948), (-2.01433, 2.40948), (-2.01433, 2.40948), (-1.83771, 2.40948) ]
Média: 0.989135
Melhor (0.99028): (-2.01433, 2.40948)
Pior (0.978832): (-1.83771, 2.40948)

<------Geração 156------>

[ (-2.01433, 2.40948), (-2.01433, 2.40948), (-2.01433, 2.40948), (-2.01433, 2.40948), (-2.01433, 2.40948), (-2.01433, 2.40948), (-2.01433, 2.40948), (-2.01433, 2.40948), (-2.01433, 2.40948), (-1.90927, 2.40948) ]
Média: 0.989875
Melhor (0.99028): (-2.01433, 2.40948)
Pior (0.986235): (-1.90927, 2.40948)

<------Geração 157------>

[ (-2.01433, 2.40948), (-2.01433, 2.40948), (-2.01433, 2.40948), (-2.01433, 2.40948), (-2.01433, 2.40948), (-2.01433, 2.40948), (-2.01433, 2.40948), (-2.01433, 2.40948), (-2.01433, 2.40948), (-2.01433, 2.40948) ]
Média: 0.99028
Melhor (0.99028): (-2.01433, 2.40948)
Pior (0.99028): (-2.01433, 2.40948)

<------Geração 158------>

[ (-2.01433, 2.40948), (-2.01433, 2.40948), (-2.01433, 2.40948), (-2.01433, 2.40948), (-2.01433, 2.40948), (-2.01433, 2.40948), (-2.01433, 2.40948), (-2.01433, 2.40948), (-1.90381, 2.40948), (-2.01433, 2.57665) ]
Média: 0.988131
Melhor (0.99028): (-2.01433, 2.40948)
Pior (0.973276): (-2.01433, 2.57665)

<------Geração 159------>

[ (-2.01433, 2.40948), (-2.01433, 2.40948), (-2.01433, 2.40948), (-2.01433, 2.40948), (-2.01433, 2.40948), (-2.01433, 2.40948), (-2.01433, 2.40948), (-2.01433, 2.40948), (-2.01433, 2.40948), (-2.01433, 2.40948) ]
Média: 0.99028
Melhor (0.99028): (-2.01433, 2.40948)
Pior (0.99028): (-2.01433, 2.40948)

<------Geração 160------>

[ (-2.01433, 2.40948), (-2.01433, 2.40948), (-2.01433, 2.40948), (-2.01433, 2.40948), (-2.01433, 2.40948), (-2.01433, 2.40948), (-2.01433, 2.40948), (-2.01433, 2.40948), (-2.01433, 2.40948), (-2.01433, 2.40948) ]
Média: 0.99028
Melhor (0.99028): (-2.01433, 2.40948)
Pior (0.99028): (-2.01433, 2.40948)

<------Geração 161------>

[ (-2.01433, 2.40948), (-2.01433, 2.40948), (-2.01433, 2.40948), (-2.01433, 2.40948), (-2.01433, 2.40948), (-2.01433, 2.40948), (-2.01433, 2.40948), (-2.01433, 2.40948), (-2.01433, 2.40948), (-2.72755, 2.40948) ]
Média: 0.967746
Melhor (0.99028): (-2.01433, 2.40948)
Pior (0.764942): (-2.72755, 2.40948)

<------Geração 162------>

[ (-2.01433, 2.40948), (-2.01433, 2.40948), (-2.01433, 2.40948), (-2.01433, 2.40948), (-2.01433, 2.40948), (-2.01433, 2.40948), (-2.01433, 2.40948), (-2.01433, 2.40948), (-2.01433, 2.40948), (-2.8192, 2.40948) ]
Média: 0.961836
Melhor (0.99028): (-2.01433, 2.40948)
Pior (0.705843): (-2.8192, 2.40948)

<------Geração 163------>

[ (-2.01433, 2.40948), (-2.01433, 2.40948), (-2.01433, 2.40948), (-2.01433, 2.40948), (-2.01433, 2.40948), (-2.01433, 2.40948), (-2.01433, 2.40948), (-2.01433, 2.40948), (-2.01433, 2.40948), (-3.01118, 2.51878) ]
Média: 0.941373
Melhor (0.99028): (-2.01433, 2.40948)
Pior (0.501215): (-3.01118, 2.51878)

<------Geração 164------>

[ (-2.01433, 2.40948), (-2.01433, 2.40948), (-2.01433, 2.40948), (-2.01433, 2.40948), (-2.01433, 2.40948), (-2.01433, 2.40948), (-2.01433, 2.40948), (-2.01433, 2.40948), (-2.01433, 2.40948), (-2.46004, 2.40948) ]
Média: 0.981454
Melhor (0.99028): (-2.01433, 2.40948)
Pior (0.902026): (-2.46004, 2.40948)

<------Geração 165------>

[ (-2.01433, 2.40948), (-2.01433, 2.40948), (-2.01433, 2.40948), (-2.01433, 2.40948), (-2.01433, 2.40948), (-2.01433, 2.40948), (-2.01433, 2.40948), (-2.01433, 2.40948), (-1.92616, 2.40948), (-1.68885, 2.40948) ]
Média: 0.986266
Melhor (0.99028): (-2.01433, 2.40948)
Pior (0.952972): (-1.68885, 2.40948)

<------Geração 166------>

[ (-2.01433, 2.40948), (-2.01433, 2.40948), (-2.01433, 2.40948), (-2.01433, 2.40948), (-2.01433, 2.40948), (-2.01433, 2.40948), (-2.01433, 2.40948), (-2.01433, 2.40948), (-2.01433, 2.40948), (-2.01433, 2.40948) ]
Média: 0.99028
Melhor (0.99028): (-2.01433, 2.40948)
Pior (0.99028): (-2.01433, 2.40948)

<------Geração 167------>

[ (-2.01433, 2.40948), (-2.01433, 2.40948), (-2.01433, 2.40948), (-2.01433, 2.40948), (-2.01433, 2.40948), (-2.01433, 2.40948), (-2.01433, 2.40948), (-2.01433, 2.40948), (-2.01433, 2.40948), (-2.01433, 2.40948) ]
Média: 0.99028
Melhor (0.99028): (-2.01433, 2.40948)
Pior (0.99028): (-2.01433, 2.40948)

<------Geração 168------>

[ (-2.01433, 2.40948), (-2.01433, 2.40948), (-2.01433, 2.40948), (-2.01433, 2.40948), (-2.01433, 2.40948), (-2.01433, 2.40948), (-2.01433, 2.40948), (-2.01433, 2.40948), (-2.01433, 2.40948), (-2.01433, 2.40948) ]
Média: 0.99028
Melhor (0.99028): (-2.01433, 2.40948)
Pior (0.99028): (-2.01433, 2.40948)

<------Geração 169------>

[ (-2.01433, 2.40948), (-2.01433, 2.40948), (-2.01433, 2.40948), (-2.01433, 2.40948), (-2.01433, 2.40948), (-2.01433, 2.40948), (-2.01433, 2.40948), (-2.01433, 2.40948), (-2.01433, 2.40948), (-2.01433, 2.40948) ]
Média: 0.99028
Melhor (0.99028): (-2.01433, 2.40948)
Pior (0.99028): (-2.01433, 2.40948)

<------Geração 170------>

[ (-2.01433, 2.40948), (-2.01433, 2.40948), (-2.01433, 2.40948), (-2.01433, 2.40948), (-2.01433, 2.40948), (-2.01433, 2.40948), (-2.01433, 2.40948), (-2.01433, 2.40948), (-2.01433, 2.40948), (-2.01433, 2.40948) ]
Média: 0.99028
Melhor (0.99028): (-2.01433, 2.40948)
Pior (0.99028): (-2.01433, 2.40948)

<------Geração 171------>

[ (-2.01433, 2.40948), (-2.01433, 2.40948), (-2.01433, 2.40948), (-2.01433, 2.40948), (-2.01433, 2.40948), (-2.01433, 2.40948), (-2.01433, 2.40948), (-2.01433, 2.40948), (-2.01433, 2.72004), (-2.01433, 1.93907) ]
Média: 0.973362
Melhor (0.99028): (-2.01433, 2.40948)
Pior (0.879282): (-2.01433, 1.93907)

<------Geração 172------>

[ (-2.01433, 2.40948), (-2.01433, 2.40948), (-2.01433, 2.40948), (-2.01433, 2.40948), (-2.01433, 2.40948), (-2.01433, 2.40948), (-2.01433, 2.40948), (-2.01433, 2.40948), (-2.01433, 2.40948), (-2.01433, 2.43878) ]
Média: 0.990221
Melhor (0.99028): (-2.01433, 2.40948)
Pior (0.98969): (-2.01433, 2.43878)

<------Geração 173------>

[ (-2.01433, 2.40948), (-2.01433, 2.40948), (-2.01433, 2.40948), (-2.01433, 2.40948), (-2.01433, 2.40948), (-2.01433, 2.40948), (-2.01433, 2.40948), (-2.01433, 2.40948), (-2.01433, 2.40948), (-2.01433, 2.40948) ]
Média: 0.99028
Melhor (0.99028): (-2.01433, 2.40948)
Pior (0.99028): (-2.01433, 2.40948)

<------Geração 174------>

[ (-2.01433, 2.40948), (-2.01433, 2.40948), (-2.01433, 2.40948), (-2.01433, 2.40948), (-2.01433, 2.40948), (-2.01433, 2.40948), (-2.01433, 2.40948), (-2.01433, 2.40948), (-2.01433, 2.40948), (-2.01433, 2.40948) ]
Média: 0.99028
Melhor (0.99028): (-2.01433, 2.40948)
Pior (0.99028): (-2.01433, 2.40948)

<------Geração 175------>

[ (-2.01433, 2.40948), (-2.01433, 2.40948), (-2.01433, 2.40948), (-2.01433, 2.40948), (-2.01433, 2.40948), (-2.01433, 2.40948), (-2.01433, 2.40948), (-2.01433, 2.40948), (-2.01433, 2.40948), (-2.01433, 1.86836) ]
Média: 0.975976
Melhor (0.99028): (-2.01433, 2.40948)
Pior (0.847246): (-2.01433, 1.86836)

<------Geração 176------>

[ (-2.01433, 2.40948), (-2.01433, 2.40948), (-2.01433, 2.40948), (-2.01433, 2.40948), (-2.01433, 2.40948), (-2.01433, 2.40948), (-2.01433, 2.40948), (-2.01433, 2.40948), (-2.01433, 1.93983), (-2.55437, 2.40948) ]
Média: 0.966223
Melhor (0.99028): (-2.01433, 2.40948)
Pior (0.860379): (-2.55437, 2.40948)

<------Geração 177------>

[ (-2.01433, 2.40948), (-2.01433, 2.40948), (-2.01433, 2.40948), (-2.01433, 2.40948), (-2.01433, 2.40948), (-2.01433, 2.40948), (-2.01433, 2.40948), (-2.01433, 2.40948), (-1.92892, 2.42932), (-2.01433, 1.90562) ]
Média: 0.97757
Melhor (0.99028): (-2.01433, 2.40948)
Pior (0.864481): (-2.01433, 1.90562)

<------Geração 178------>

[ (-2.01433, 2.40948), (-2.01433, 2.40948), (-2.01433, 2.40948), (-2.01433, 2.40948), (-2.01433, 2.40948), (-2.01433, 2.40948), (-2.01433, 2.40948), (-2.01433, 2.40948), (-2.01433, 2.25945), (-2.31116, 2.40948) ]
Média: 0.985188
Melhor (0.99028): (-2.01433, 2.40948)
Pior (0.951521): (-2.31116, 2.40948)

<------Geração 179------>

[ (-2.01433, 2.40948), (-2.01433, 2.40948), (-2.01433, 2.40948), (-2.01433, 2.40948), (-2.01433, 2.40948), (-2.01433, 2.40948), (-2.01433, 2.40948), (-2.01433, 2.40948), (-2.01433, 2.40948), (-2.01433, 2.4294) ]
Média: 0.990251
Melhor (0.99028): (-2.01433, 2.40948)
Pior (0.989987): (-2.01433, 2.4294)

<------Geração 180------>

[ (-2.01433, 2.40948), (-2.01433, 2.40948), (-2.01433, 2.40948), (-2.01433, 2.40948), (-2.01433, 2.40948), (-2.01433, 2.40948), (-2.01433, 2.40948), (-2.01433, 2.40948), (-2.01433, 2.40948), (-2.01433, 2.40948) ]
Média: 0.99028
Melhor (0.99028): (-2.01433, 2.40948)
Pior (0.99028): (-2.01433, 2.40948)

<------Geração 181------>

[ (-2.01433, 2.40948), (-2.01433, 2.40948), (-2.01433, 2.40948), (-2.01433, 2.40948), (-2.01433, 2.40948), (-2.01433, 2.40948), (-2.01433, 2.40948), (-2.01433, 2.40948), (-2.01433, 2.40948), (-2.01433, 2.40948) ]
Média: 0.99028
Melhor (0.99028): (-2.01433, 2.40948)
Pior (0.99028): (-2.01433, 2.40948)

<------Geração 182------>

[ (-2.01433, 2.40948), (-2.01433, 2.40948), (-2.01433, 2.40948), (-2.01433, 2.40948), (-2.01433, 2.40948), (-2.01433, 2.40948), (-2.01433, 2.40948), (-2.01433, 2.40948), (-1.88463, 2.40948), (-1.70289, 2.40948) ]
Média: 0.986228
Melhor (0.99028): (-2.01433, 2.40948)
Pior (0.95595): (-1.70289, 2.40948)

<------Geração 183------>

[ (-2.01433, 2.40948), (-2.01433, 2.40948), (-2.01433, 2.40948), (-2.01433, 2.40948), (-2.01433, 2.40948), (-2.01433, 2.40948), (-2.01433, 2.40948), (-2.01433, 2.40948), (-2.01433, 2.40948), (-2.34242, 2.40948) ]
Média: 0.985533
Melhor (0.99028): (-2.01433, 2.40948)
Pior (0.942813): (-2.34242, 2.40948)

<------Geração 184------>

[ (-2.01433, 2.40948), (-2.01433, 2.40948), (-2.01433, 2.40948), (-2.01433, 2.40948), (-2.01433, 2.40948), (-2.01433, 2.40948), (-2.01433, 2.40948), (-2.01433, 2.40948), (-2.01433, 2.40948), (-2.42413, 2.40948) ]
Média: 0.982833
Melhor (0.99028): (-2.01433, 2.40948)
Pior (0.915811): (-2.42413, 2.40948)

<------Geração 185------>

[ (-2.01433, 2.40948), (-2.01433, 2.40948), (-2.01433, 2.40948), (-2.01433, 2.40948), (-2.01433, 2.40948), (-2.01433, 2.40948), (-2.01433, 2.40948), (-2.01433, 2.40948), (-2.01433, 2.40948), (-2.01433, 2.40948) ]
Média: 0.99028
Melhor (0.99028): (-2.01433, 2.40948)
Pior (0.99028): (-2.01433, 2.40948)

<------Geração 186------>

[ (-2.01433, 2.40948), (-2.01433, 2.40948), (-2.01433, 2.40948), (-2.01433, 2.40948), (-2.01433, 2.40948), (-2.01433, 2.40948), (-2.01433, 2.40948), (-2.01433, 2.40948), (-2.01433, 2.40948), (-2.01433, 2.40948) ]
Média: 0.99028
Melhor (0.99028): (-2.01433, 2.40948)
Pior (0.99028): (-2.01433, 2.40948)

<------Geração 187------>

[ (-2.01433, 2.40948), (-2.01433, 2.40948), (-2.01433, 2.40948), (-2.01433, 2.40948), (-2.01433, 2.40948), (-2.01433, 2.40948), (-2.01433, 2.40948), (-2.01433, 2.40948), (-2.01433, 2.40948), (-2.01433, 2.40948) ]
Média: 0.99028
Melhor (0.99028): (-2.01433, 2.40948)
Pior (0.99028): (-2.01433, 2.40948)

<------Geração 188------>

[ (-2.01433, 2.40948), (-2.01433, 2.40948), (-2.01433, 2.40948), (-2.01433, 2.40948), (-2.01433, 2.40948), (-2.01433, 2.40948), (-2.01433, 2.40948), (-2.01433, 2.40948), (-2.01433, 2.40948), (-2.01433, 2.40948) ]
Média: 0.99028
Melhor (0.99028): (-2.01433, 2.40948)
Pior (0.99028): (-2.01433, 2.40948)

<------Geração 189------>

[ (-2.01433, 2.40948), (-2.01433, 2.40948), (-2.01433, 2.40948), (-2.01433, 2.40948), (-2.01433, 2.40948), (-2.01433, 2.40948), (-2.01433, 2.40948), (-2.01433, 2.40948), (-2.46938, 2.40948), (-1.47509, 2.40948) ]
Média: 0.971729
Melhor (0.99028): (-2.01433, 2.40948)
Pior (0.896802): (-1.47509, 2.40948)

<------Geração 190------>

[ (-2.01433, 2.40948), (-2.01433, 2.40948), (-2.01433, 2.40948), (-2.01433, 2.40948), (-2.01433, 2.40948), (-2.01433, 2.40948), (-2.01433, 2.40948), (-2.01433, 2.40948), (-2.01433, 2.40948), (-2.01433, 2.40948) ]
Média: 0.99028
Melhor (0.99028): (-2.01433, 2.40948)
Pior (0.99028): (-2.01433, 2.40948)

<------Geração 191------>

[ (-2.01433, 2.40948), (-2.01433, 2.40948), (-2.01433, 2.40948), (-2.01433, 2.40948), (-2.01433, 2.40948), (-2.01433, 2.40948), (-2.01433, 2.40948), (-2.01433, 2.40948), (-2.01433, 2.40948), (-2.01433, 2.40948) ]
Média: 0.99028
Melhor (0.99028): (-2.01433, 2.40948)
Pior (0.99028): (-2.01433, 2.40948)

<------Geração 192------>

[ (-2.01433, 2.40948), (-2.01433, 2.40948), (-2.01433, 2.40948), (-2.01433, 2.40948), (-2.01433, 2.40948), (-2.01433, 2.40948), (-2.01433, 2.40948), (-2.01433, 2.40948), (-2.01433, 2.40948), (-2.01433, 2.40948) ]
Média: 0.99028
Melhor (0.99028): (-2.01433, 2.40948)
Pior (0.99028): (-2.01433, 2.40948)

<------Geração 193------>

[ (-2.01433, 2.40948), (-2.01433, 2.40948), (-2.01433, 2.40948), (-2.01433, 2.40948), (-2.01433, 2.40948), (-2.01433, 2.40948), (-2.01433, 2.40948), (-2.01433, 2.40948), (-2.01433, 2.40948), (-2.01433, 2.53596) ]
Média: 0.9893
Melhor (0.99028): (-2.01433, 2.40948)
Pior (0.980484): (-2.01433, 2.53596)

<------Geração 194------>

[ (-2.01433, 2.40948), (-2.01433, 2.40948), (-2.01433, 2.40948), (-2.01433, 2.40948), (-2.01433, 2.40948), (-2.01433, 2.40948), (-2.01433, 2.40948), (-2.01433, 2.40948), (-2.01433, 2.40948), (-2.01433, 2.94639) ]
Média: 0.973239
Melhor (0.99028): (-2.01433, 2.40948)
Pior (0.819875): (-2.01433, 2.94639)

<------Geração 195------>

[ (-2.01433, 2.40948), (-2.01433, 2.40948), (-2.01433, 2.40948), (-2.01433, 2.40948), (-2.01433, 2.40948), (-2.01433, 2.40948), (-2.01433, 2.40948), (-2.01433, 2.40948), (-2.01433, 2.40948), (-2.01433, 2.40948) ]
Média: 0.99028
Melhor (0.99028): (-2.01433, 2.40948)
Pior (0.99028): (-2.01433, 2.40948)

<------Geração 196------>

[ (-2.01433, 2.40948), (-2.01433, 2.40948), (-2.01433, 2.40948), (-2.01433, 2.40948), (-2.01433, 2.40948), (-2.01433, 2.40948), (-2.01433, 2.40948), (-2.01433, 2.40948), (-2.01433, 2.40948), (-2.01433, 2.40948) ]
Média: 0.99028
Melhor (0.99028): (-2.01433, 2.40948)
Pior (0.99028): (-2.01433, 2.40948)

<------Geração 197------>

[ (-2.01433, 2.40948), (-2.01433, 2.40948), (-2.01433, 2.40948), (-2.01433, 2.40948), (-2.01433, 2.40948), (-2.01433, 2.40948), (-2.01433, 2.40948), (-2.01433, 2.40948), (-2.01433, 2.40948), (-2.01433, 2.40948) ]
Média: 0.99028
Melhor (0.99028): (-2.01433, 2.40948)
Pior (0.99028): (-2.01433, 2.40948)

<------Geração 198------>

[ (-2.01433, 2.40948), (-2.01433, 2.40948), (-2.01433, 2.40948), (-2.01433, 2.40948), (-2.01433, 2.40948), (-2.01433, 2.40948), (-2.01433, 2.40948), (-2.01433, 2.40948), (-2.01433, 2.40948), (-2.01433, 2.40948) ]
Média: 0.99028
Melhor (0.99028): (-2.01433, 2.40948)
Pior (0.99028): (-2.01433, 2.40948)

<------Geração 199------>

[ (-2.01433, 2.40948), (-2.01433, 2.40948), (-2.01433, 2.40948), (-2.01433, 2.40948), (-2.01433, 2.40948), (-2.01433, 2.40948), (-2.01433, 2.40948), (-2.01433, 2.40948), (-2.23094, 2.40948), (-2.01433, 1.64186) ]
Média: 0.962199
Melhor (0.99028): (-2.01433, 2.40948)
Pior (0.729995): (-2.01433, 1.64186)

<------Geração 200------>

[ (-2.01433, 2.40948), (-2.01433, 2.40948), (-2.01433, 2.40948), (-2.01433, 2.40948), (-2.01433, 2.40948), (-2.01433, 2.40948), (-2.01433, 2.40948), (-2.01433, 2.40948), (-2.01433, 2.40948), (-2.14238, 2.40948) ]
Média: 0.989562
Melhor (0.99028): (-2.01433, 2.40948)
Pior (0.983098): (-2.14238, 2.40948)

<------Geração 201------>

[ (-2.01433, 2.40948), (-2.01433, 2.40948), (-2.01433, 2.40948), (-2.01433, 2.40948), (-2.01433, 2.40948), (-2.01433, 2.40948), (-2.01433, 2.40948), (-2.01433, 2.40948), (-2.01433, 2.40948), (-2.01433, 1.65953) ]
Média: 0.96522
Melhor (0.99028): (-2.01433, 2.40948)
Pior (0.73968): (-2.01433, 1.65953)

<------Geração 202------>

[ (-2.01433, 2.40948), (-2.01433, 2.40948), (-2.01433, 2.40948), (-2.01433, 2.40948), (-2.01433, 2.40948), (-2.01433, 2.40948), (-2.01433, 2.40948), (-2.01433, 2.40948), (-2.01433, 2.61158), (-2.54798, 2.40948) ]
Média: 0.975118
Melhor (0.99028): (-2.01433, 2.40948)
Pior (0.863444): (-2.54798, 2.40948)

<------Geração 203------>

[ (-2.01433, 2.40948), (-2.01433, 2.40948), (-2.01433, 2.40948), (-2.01433, 2.40948), (-2.01433, 2.40948), (-2.01433, 2.40948), (-2.01433, 2.40948), (-2.01433, 2.40948), (-2.01433, 2.40948), (-2.01433, 2.40948) ]
Média: 0.99028
Melhor (0.99028): (-2.01433, 2.40948)
Pior (0.99028): (-2.01433, 2.40948)

<------Geração 204------>

[ (-2.01433, 2.40948), (-2.01433, 2.40948), (-2.01433, 2.40948), (-2.01433, 2.40948), (-2.01433, 2.40948), (-2.01433, 2.40948), (-2.01433, 2.40948), (-2.01433, 2.40948), (-2.01433, 2.40948), (-2.01433, 2.40948) ]
Média: 0.99028
Melhor (0.99028): (-2.01433, 2.40948)
Pior (0.99028): (-2.01433, 2.40948)

<------Geração 205------>

[ (-2.01433, 2.40948), (-2.01433, 2.40948), (-2.01433, 2.40948), (-2.01433, 2.40948), (-2.01433, 2.40948), (-2.01433, 2.40948), (-2.01433, 2.40948), (-2.01433, 2.40948), (-2.01433, 2.40948), (-2.01433, 2.40948) ]
Média: 0.99028
Melhor (0.99028): (-2.01433, 2.40948)
Pior (0.99028): (-2.01433, 2.40948)

<------Geração 206------>

[ (-2.01433, 2.40948), (-2.01433, 2.40948), (-2.01433, 2.40948), (-2.01433, 2.40948), (-2.01433, 2.40948), (-2.01433, 2.40948), (-2.01433, 2.40948), (-2.01433, 2.40948), (-2.01433, 2.40948), (-2.01433, 2.40948) ]
Média: 0.99028
Melhor (0.99028): (-2.01433, 2.40948)
Pior (0.99028): (-2.01433, 2.40948)

<------Geração 207------>

[ (-2.01433, 2.40948), (-2.01433, 2.40948), (-2.01433, 2.40948), (-2.01433, 2.40948), (-2.01433, 2.40948), (-2.01433, 2.40948), (-2.01433, 2.40948), (-2.01433, 2.40948), (-2.01433, 2.48886), (-2.01433, 2.178) ]
Média: 0.987014
Melhor (0.99028): (-2.01433, 2.40948)
Pior (0.961558): (-2.01433, 2.178)

<------Geração 208------>

[ (-2.01433, 2.40948), (-2.01433, 2.40948), (-2.01433, 2.40948), (-2.01433, 2.40948), (-2.01433, 2.40948), (-2.01433, 2.40948), (-2.01433, 2.40948), (-2.01433, 2.40948), (-2.01433, 2.40948), (-2.01433, 2.40948) ]
Média: 0.99028
Melhor (0.99028): (-2.01433, 2.40948)
Pior (0.99028): (-2.01433, 2.40948)

<------Geração 209------>

[ (-2.01433, 2.40948), (-2.01433, 2.40948), (-2.01433, 2.40948), (-2.01433, 2.40948), (-2.01433, 2.40948), (-2.01433, 2.40948), (-2.01433, 2.40948), (-2.01433, 2.40948), (-1.88645, 2.40948), (-1.3478, 2.40948) ]
Média: 0.976294
Melhor (0.99028): (-2.01433, 2.40948)
Pior (0.856433): (-1.3478, 2.40948)

<------Geração 210------>

[ (-2.01433, 2.40948), (-2.01433, 2.40948), (-2.01433, 2.40948), (-2.01433, 2.40948), (-2.01433, 2.40948), (-2.01433, 2.40948), (-2.01433, 2.40948), (-2.01433, 2.40948), (-2.01433, 2.40948), (-2.01433, 2.75023) ]
Média: 0.983287
Melhor (0.99028): (-2.01433, 2.40948)
Pior (0.920352): (-2.01433, 2.75023)

<------Geração 211------>

[ (-2.01433, 2.40948), (-2.01433, 2.40948), (-2.01433, 2.40948), (-2.01433, 2.40948), (-2.01433, 2.40948), (-2.01433, 2.40948), (-2.01433, 2.40948), (-2.01433, 2.40948), (-2.01433, 2.40948), (-2.01433, 1.99741) ]
Média: 0.981592
Melhor (0.99028): (-2.01433, 2.40948)
Pior (0.903398): (-2.01433, 1.99741)

<------Geração 212------>

[ (-2.01433, 2.40948), (-2.01433, 2.40948), (-2.01433, 2.40948), (-2.01433, 2.40948), (-2.01433, 2.40948), (-2.01433, 2.40948), (-2.01433, 2.40948), (-2.01433, 2.40948), (-2.01433, 2.40948), (-2.01433, 2.40948) ]
Média: 0.99028
Melhor (0.99028): (-2.01433, 2.40948)
Pior (0.99028): (-2.01433, 2.40948)

<------Geração 213------>

[ (-2.01433, 2.40948), (-2.01433, 2.40948), (-2.01433, 2.40948), (-2.01433, 2.40948), (-2.01433, 2.40948), (-2.01433, 2.40948), (-2.01433, 2.40948), (-2.01433, 2.40948), (-2.01433, 2.40948), (-2.01433, 2.40948) ]
Média: 0.99028
Melhor (0.99028): (-2.01433, 2.40948)
Pior (0.99028): (-2.01433, 2.40948)

<------Geração 214------>

[ (-2.01433, 2.40948), (-2.01433, 2.40948), (-2.01433, 2.40948), (-2.01433, 2.40948), (-2.01433, 2.40948), (-2.01433, 2.40948), (-2.01433, 2.40948), (-2.01433, 2.40948), (-2.01433, 2.17664), (-2.01433, 1.48089) ]
Média: 0.952365
Melhor (0.99028): (-2.01433, 2.40948)
Pior (0.640181): (-2.01433, 1.48089)

<------Geração 215------>

[ (-2.01433, 2.40948), (-2.01433, 2.40948), (-2.01433, 2.40948), (-2.01433, 2.40948), (-2.01433, 2.40948), (-2.01433, 2.40948), (-2.01433, 2.40948), (-2.01433, 2.40948), (-2.01433, 2.40948), (-2.01433, 2.40948) ]
Média: 0.99028
Melhor (0.99028): (-2.01433, 2.40948)
Pior (0.99028): (-2.01433, 2.40948)

<------Geração 216------>

[ (-2.01433, 2.40948), (-2.01433, 2.40948), (-2.01433, 2.40948), (-2.01433, 2.40948), (-2.01433, 2.40948), (-2.01433, 2.40948), (-2.01433, 2.40948), (-2.01433, 2.40948), (-2.57958, 2.40948), (-1.17632, 2.40948) ]
Média: 0.956856
Melhor (0.99028): (-2.01433, 2.40948)
Pior (0.798361): (-1.17632, 2.40948)

<------Geração 217------>

[ (-2.01433, 2.40948), (-2.01433, 2.40948), (-2.01433, 2.40948), (-2.01433, 2.40948), (-2.01433, 2.40948), (-2.01433, 2.40948), (-2.01433, 2.40948), (-2.01433, 2.40948), (-2.01433, 2.43885), (-1.2924, 2.40948) ]
Média: 0.974987
Melhor (0.99028): (-2.01433, 2.40948)
Pior (0.837943): (-1.2924, 2.40948)

<------Geração 218------>

[ (-2.01433, 2.40948), (-2.01433, 2.40948), (-2.01433, 2.40948), (-2.01433, 2.40948), (-2.01433, 2.40948), (-2.01433, 2.40948), (-2.01433, 2.40948), (-2.01433, 2.41179), (-1.84921, 2.40948), (-2.44482, 2.12986) ]
Média: 0.988221
Melhor (0.99028): (-2.01433, 2.40948)
Pior (0.979722): (-2.44482, 2.12986)

<------Geração 219------>

[ (-2.01433, 2.40948), (-2.01433, 2.40948), (-2.01433, 2.40948), (-2.01433, 2.40948), (-2.01433, 2.40948), (-2.01433, 2.40948), (-2.01433, 2.40948), (-2.01433, 2.40948), (-2.01433, 2.40948), (-2.01433, 2.40948) ]
Média: 0.99028
Melhor (0.99028): (-2.01433, 2.40948)
Pior (0.99028): (-2.01433, 2.40948)

<------Geração 220------>

[ (-2.01433, 2.40948), (-2.01433, 2.40948), (-2.01433, 2.40948), (-2.01433, 2.40948), (-2.01433, 2.40948), (-2.01433, 2.40948), (-2.01433, 2.40948), (-2.01433, 2.40948), (-2.01433, 2.40948), (-1.92997, 2.40948) ]
Média: 0.990022
Melhor (0.99028): (-2.01433, 2.40948)
Pior (0.987696): (-1.92997, 2.40948)

<------Geração 221------>

[ (-2.01433, 2.40948), (-2.01433, 2.40948), (-2.01433, 2.40948), (-2.01433, 2.40948), (-2.01433, 2.40948), (-2.01433, 2.40948), (-2.01433, 2.40948), (-2.01433, 2.40948), (-2.01433, 2.40948), (-2.01433, 2.40948) ]
Média: 0.99028
Melhor (0.99028): (-2.01433, 2.40948)
Pior (0.99028): (-2.01433, 2.40948)

<------Geração 222------>

[ (-2.01433, 2.40948), (-2.01433, 2.40948), (-2.01433, 2.40948), (-2.01433, 2.40948), (-2.01433, 2.40948), (-2.01433, 2.40948), (-2.01433, 2.40948), (-2.01433, 2.40948), (-2.01433, 2.40948), (-2.01433, 2.40948) ]
Média: 0.99028
Melhor (0.99028): (-2.01433, 2.40948)
Pior (0.99028): (-2.01433, 2.40948)

<------Geração 223------>

[ (-2.01433, 2.40948), (-2.01433, 2.40948), (-2.01433, 2.40948), (-2.01433, 2.40948), (-2.01433, 2.40948), (-2.01433, 2.40948), (-2.01433, 2.40948), (-2.01433, 2.61715), (-2.01433, 3.19794), (-3.26675, 2.40948) ]
Média: 0.891093
Melhor (0.99028): (-2.01433, 2.40948)
Pior (0.373514): (-3.26675, 2.40948)

<------Geração 224------>

[ (-2.01433, 2.40948), (-2.01433, 2.40948), (-2.01433, 2.40948), (-2.01433, 2.40948), (-2.01433, 2.40948), (-2.01433, 2.40948), (-2.01433, 2.40948), (-2.01433, 2.40948), (-2.01433, 2.40948), (-2.01433, 2.40948) ]
Média: 0.99028
Melhor (0.99028): (-2.01433, 2.40948)
Pior (0.99028): (-2.01433, 2.40948)

<------Geração 225------>

[ (-2.01433, 2.40948), (-2.01433, 2.40948), (-2.01433, 2.40948), (-2.01433, 2.40948), (-2.01433, 2.40948), (-2.01433, 2.40948), (-2.01433, 2.40948), (-2.01433, 2.40948), (-2.01433, 2.40948), (-2.16067, 2.40948) ]
Média: 0.989344
Melhor (0.99028): (-2.01433, 2.40948)
Pior (0.980918): (-2.16067, 2.40948)

<------Geração 226------>

[ (-2.01433, 2.40948), (-2.01433, 2.40948), (-2.01433, 2.40948), (-2.01433, 2.40948), (-2.01433, 2.40948), (-2.01433, 2.40948), (-2.01433, 2.40948), (-2.01433, 2.40948), (-1.73709, 2.40948), (-2.01433, 2.87652) ]
Média: 0.974524
Melhor (0.99028): (-2.01433, 2.40948)
Pior (0.860235): (-2.01433, 2.87652)

<------Geração 227------>

[ (-2.01433, 2.40948), (-2.01433, 2.40948), (-2.01433, 2.40948), (-2.01433, 2.40948), (-2.01433, 2.40948), (-2.01433, 2.40948), (-2.01433, 2.40948), (-2.01433, 2.40948), (-2.01433, 1.48951), (-3.09994, 2.53894) ]
Média: 0.89901
Melhor (0.99028): (-2.01433, 2.40948)
Pior (0.422853): (-3.09994, 2.53894)

<------Geração 228------>

[ (-2.01433, 2.40948), (-2.01433, 2.40948), (-2.01433, 2.40948), (-2.01433, 2.40948), (-2.01433, 2.40948), (-2.01433, 2.40948), (-2.01433, 2.40948), (-2.01433, 2.40948), (-2.01433, 2.40948), (-2.24057, 2.40948) ]
Média: 0.98804
Melhor (0.99028): (-2.01433, 2.40948)
Pior (0.96788): (-2.24057, 2.40948)

<------Geração 229------>

[ (-2.01433, 2.40948), (-2.01433, 2.40948), (-2.01433, 2.40948), (-2.01433, 2.40948), (-2.01433, 2.40948), (-2.01433, 2.40948), (-2.01433, 2.40948), (-2.01433, 2.40948), (-2.01433, 2.40948), (-2.01433, 1.84497) ]
Média: 0.974858
Melhor (0.99028): (-2.01433, 2.40948)
Pior (0.836059): (-2.01433, 1.84497)

<------Geração 230------>

[ (-2.01433, 2.40948), (-2.01433, 2.40948), (-2.01433, 2.40948), (-2.01433, 2.40948), (-2.01433, 2.40948), (-2.01433, 2.40948), (-2.01433, 2.40948), (-2.01433, 2.40948), (-2.01433, 2.40948), (-2.01433, 2.40948) ]
Média: 0.99028
Melhor (0.99028): (-2.01433, 2.40948)
Pior (0.99028): (-2.01433, 2.40948)

<------Geração 231------>

[ (-2.01433, 2.40948), (-2.01433, 2.40948), (-2.01433, 2.40948), (-2.01433, 2.40948), (-2.01433, 2.40948), (-2.01433, 2.40948), (-2.01433, 2.40948), (-2.01433, 2.32339), (-2.01433, 2.64944), (-2.96432, 2.40948) ]
Média: 0.947681
Melhor (0.99028): (-2.01433, 2.40948)
Pior (0.603098): (-2.96432, 2.40948)

<------Geração 232------>

[ (-2.01433, 2.40948), (-2.01433, 2.40948), (-2.01433, 2.40948), (-2.01433, 2.40948), (-2.01433, 2.40948), (-2.01433, 2.40948), (-2.01433, 2.40948), (-2.01433, 2.40948), (-2.01433, 2.40948), (-2.01433, 2.40948) ]
Média: 0.99028
Melhor (0.99028): (-2.01433, 2.40948)
Pior (0.99028): (-2.01433, 2.40948)

<------Geração 233------>

[ (-2.01433, 2.40948), (-2.01433, 2.40948), (-2.01433, 2.40948), (-2.01433, 2.40948), (-2.01433, 2.40948), (-2.01433, 2.40948), (-2.01433, 2.40948), (-2.01433, 2.40948), (-2.01433, 2.40948), (-2.77051, 2.40948) ]
Média: 0.965042
Melhor (0.99028): (-2.01433, 2.40948)
Pior (0.737897): (-2.77051, 2.40948)

<------Geração 234------>

[ (-2.01433, 2.40948), (-2.01433, 2.40948), (-2.01433, 2.40948), (-2.01433, 2.40948), (-2.01433, 2.40948), (-2.01433, 2.40948), (-2.01433, 2.40948), (-2.01433, 2.40948), (-2.01433, 2.40948), (-2.01433, 2.93091) ]
Média: 0.974174
Melhor (0.99028): (-2.01433, 2.40948)
Pior (0.829223): (-2.01433, 2.93091)

<------Geração 235------>

[ (-2.01433, 2.40948), (-2.01433, 2.40948), (-2.01433, 2.40948), (-2.01433, 2.40948), (-2.01433, 2.40948), (-2.01433, 2.40948), (-2.01433, 2.40948), (-2.01433, 2.40948), (-2.01433, 2.40948), (-2.01433, 2.40948) ]
Média: 0.99028
Melhor (0.99028): (-2.01433, 2.40948)
Pior (0.99028): (-2.01433, 2.40948)

<------Geração 236------>

[ (-2.01433, 2.40948), (-2.01433, 2.40948), (-2.01433, 2.40948), (-2.01433, 2.40948), (-2.01433, 2.40948), (-2.01433, 2.40948), (-2.01433, 2.40948), (-2.01433, 2.40948), (-2.01433, 2.40948), (-2.01433, 2.40948) ]
Média: 0.99028
Melhor (0.99028): (-2.01433, 2.40948)
Pior (0.99028): (-2.01433, 2.40948)

<------Geração 237------>

[ (-2.01433, 2.40948), (-2.01433, 2.40948), (-2.01433, 2.40948), (-2.01433, 2.40948), (-2.01433, 2.40948), (-2.01433, 2.40948), (-2.01433, 2.40948), (-2.01433, 2.40948), (-2.01433, 2.40948), (-2.01433, 2.40948) ]
Média: 0.99028
Melhor (0.99028): (-2.01433, 2.40948)
Pior (0.99028): (-2.01433, 2.40948)

<------Geração 238------>

[ (-2.01433, 2.40948), (-2.01433, 2.40948), (-2.01433, 2.40948), (-2.01433, 2.40948), (-2.01433, 2.40948), (-2.01433, 2.40948), (-2.01433, 2.40948), (-2.01433, 2.40948), (-2.01433, 2.40948), (-2.01433, 2.40948) ]
Média: 0.99028
Melhor (0.99028): (-2.01433, 2.40948)
Pior (0.99028): (-2.01433, 2.40948)

<------Geração 239------>

[ (-2.01433, 2.40948), (-2.01433, 2.40948), (-2.01433, 2.40948), (-2.01433, 2.40948), (-2.01433, 2.40948), (-2.01433, 2.40948), (-2.01433, 2.40948), (-2.01433, 2.40948), (-2.01433, 2.40948), (-2.01433, 2.40948) ]
Média: 0.99028
Melhor (0.99028): (-2.01433, 2.40948)
Pior (0.99028): (-2.01433, 2.40948)

<------Geração 240------>

[ (-2.01433, 2.40948), (-2.01433, 2.40948), (-2.01433, 2.40948), (-2.01433, 2.40948), (-2.01433, 2.40948), (-2.01433, 2.40948), (-2.01433, 2.40948), (-2.01433, 2.40948), (-2.01433, 2.40948), (-2.01433, 2.40948) ]
Média: 0.99028
Melhor (0.99028): (-2.01433, 2.40948)
Pior (0.99028): (-2.01433, 2.40948)

<------Geração 241------>

[ (-2.01433, 2.40948), (-2.01433, 2.40948), (-2.01433, 2.40948), (-2.01433, 2.40948), (-2.01433, 2.40948), (-2.01433, 2.40948), (-2.01433, 2.40948), (-2.01433, 2.40948), (-2.01433, 2.40948), (-2.01433, 2.40948) ]
Média: 0.99028
Melhor (0.99028): (-2.01433, 2.40948)
Pior (0.99028): (-2.01433, 2.40948)

<------Geração 242------>

[ (-2.01433, 2.40948), (-2.01433, 2.40948), (-2.01433, 2.40948), (-2.01433, 2.40948), (-2.01433, 2.40948), (-2.01433, 2.40948), (-2.01433, 2.40948), (-2.01433, 2.40948), (-2.01433, 2.40948), (-2.01433, 2.71717) ]
Média: 0.984568
Melhor (0.99028): (-2.01433, 2.40948)
Pior (0.93316): (-2.01433, 2.71717)

<------Geração 243------>

[ (-2.01433, 2.40948), (-2.01433, 2.40948), (-2.01433, 2.40948), (-2.01433, 2.40948), (-2.01433, 2.40948), (-2.01433, 2.40948), (-2.01433, 2.40948), (-2.01433, 2.40948), (-2.01433, 2.40948), (-2.01433, 2.40948) ]
Média: 0.99028
Melhor (0.99028): (-2.01433, 2.40948)
Pior (0.99028): (-2.01433, 2.40948)

<------Geração 244------>

[ (-2.01433, 2.40948), (-2.01433, 2.40948), (-2.01433, 2.40948), (-2.01433, 2.40948), (-2.01433, 2.40948), (-2.01433, 2.40948), (-2.01433, 2.40948), (-2.01433, 2.40948), (-2.01433, 2.40948), (-2.01433, 2.73552) ]
Média: 0.983873
Melhor (0.99028): (-2.01433, 2.40948)
Pior (0.926209): (-2.01433, 2.73552)

<------Geração 245------>

[ (-2.01433, 2.40948), (-2.01433, 2.40948), (-2.01433, 2.40948), (-2.01433, 2.40948), (-2.01433, 2.40948), (-2.01433, 2.40948), (-2.01433, 2.40948), (-2.01433, 2.40948), (-2.01433, 2.64641), (-2.01433, 2.67947) ]
Média: 0.982475
Melhor (0.99028): (-2.01433, 2.40948)
Pior (0.94622): (-2.01433, 2.67947)

<------Geração 246------>

[ (-2.01433, 2.40948), (-2.01433, 2.40948), (-2.01433, 2.40948), (-2.01433, 2.40948), (-2.01433, 2.40948), (-2.01433, 2.40948), (-2.01433, 2.40948), (-2.01433, 2.40948), (-2.14444, 2.40948), (-1.21158, 2.40948) ]
Média: 0.971555
Melhor (0.99028): (-2.01433, 2.40948)
Pior (0.810445): (-1.21158, 2.40948)

<------Geração 247------>

[ (-2.01433, 2.40948), (-2.01433, 2.40948), (-2.01433, 2.40948), (-2.01433, 2.40948), (-2.01433, 2.40948), (-2.01433, 2.40948), (-2.01433, 2.40948), (-2.01433, 2.40948), (-2.01433, 2.40948), (-2.01433, 2.81298) ]
Média: 0.980516
Melhor (0.99028): (-2.01433, 2.40948)
Pior (0.892644): (-2.01433, 2.81298)

<------Geração 248------>

[ (-2.01433, 2.40948), (-2.01433, 2.40948), (-2.01433, 2.40948), (-2.01433, 2.40948), (-2.01433, 2.40948), (-2.01433, 2.40948), (-2.01433, 2.40948), (-2.01433, 2.40948), (-1.80992, 2.40948), (-2.01433, 2.01414) ]
Média: 0.980714
Melhor (0.99028): (-2.01433, 2.40948)
Pior (0.909882): (-2.01433, 2.01414)

<------Geração 249------>

[ (-2.01433, 2.40948), (-2.01433, 2.40948), (-2.01433, 2.40948), (-2.01433, 2.40948), (-2.01433, 2.40948), (-2.01433, 2.40948), (-2.01433, 2.40948), (-2.01433, 2.40948), (-2.01433, 2.40948), (-2.87581, 2.40948) ]
Média: 0.957943
Melhor (0.99028): (-2.01433, 2.40948)
Pior (0.666916): (-2.87581, 2.40948)

<------Geração 250------>

[ (-2.01433, 2.40948), (-2.01433, 2.40948), (-2.01433, 2.40948), (-2.01433, 2.40948), (-2.01433, 2.40948), (-2.01433, 2.40948), (-2.01433, 2.40948), (-2.01433, 2.40948), (-2.01433, 2.40948), (-2.01433, 2.40948) ]
Média: 0.99028
Melhor (0.99028): (-2.01433, 2.40948)
Pior (0.99028): (-2.01433, 2.40948)

<------Geração 251------>

[ (-2.01433, 2.40948), (-2.01433, 2.40948), (-2.01433, 2.40948), (-2.01433, 2.40948), (-2.01433, 2.40948), (-2.01433, 2.40948), (-2.01433, 2.40948), (-2.01433, 2.40948), (-2.01433, 2.40948), (-2.01433, 2.40948) ]
Média: 0.99028
Melhor (0.99028): (-2.01433, 2.40948)
Pior (0.99028): (-2.01433, 2.40948)

<------Geração 252------>

[ (-2.01433, 2.40948), (-2.01433, 2.40948), (-2.01433, 2.40948), (-2.01433, 2.40948), (-2.01433, 2.40948), (-2.01433, 2.40948), (-2.01433, 2.40948), (-2.01433, 2.40948), (-2.15823, 2.40948), (-2.01433, 1.99659) ]
Média: 0.980654
Melhor (0.99028): (-2.01433, 2.40948)
Pior (0.903076): (-2.01433, 1.99659)

<------Geração 253------>

[ (-2.01433, 2.40948), (-2.01433, 2.40948), (-2.01433, 2.40948), (-2.01433, 2.40948), (-2.01433, 2.40948), (-2.01433, 2.40948), (-2.01433, 2.40948), (-2.01433, 2.40948), (-2.01433, 2.40948), (-2.01433, 2.40948) ]
Média: 0.99028
Melhor (0.99028): (-2.01433, 2.40948)
Pior (0.99028): (-2.01433, 2.40948)

<------Geração 254------>

[ (-2.01433, 2.40948), (-2.01433, 2.40948), (-2.01433, 2.40948), (-2.01433, 2.40948), (-2.01433, 2.40948), (-2.01433, 2.40948), (-2.01433, 2.40948), (-2.01433, 2.40948), (-2.01433, 2.57563), (-2.01433, 2.82108) ]
Média: 0.978447
Melhor (0.99028): (-2.01433, 2.40948)
Pior (0.888751): (-2.01433, 2.82108)

<------Geração 255------>

[ (-2.01433, 2.40948), (-2.01433, 2.40948), (-2.01433, 2.40948), (-2.01433, 2.40948), (-2.01433, 2.40948), (-2.01433, 2.40948), (-2.01433, 2.40948), (-2.01433, 2.40948), (-1.88053, 2.40948), (-1.79712, 2.40948) ]
Média: 0.987903
Melhor (0.99028): (-2.01433, 2.40948)
Pior (0.973102): (-1.79712, 2.40948)

<------Geração 256------>

[ (-2.01433, 2.40948), (-2.01433, 2.40948), (-2.01433, 2.40948), (-2.01433, 2.40948), (-2.01433, 2.40948), (-2.01433, 2.40948), (-2.01433, 2.40948), (-2.01433, 2.40948), (-1.93889, 2.40948), (-2.21375, 2.40948) ]
Média: 0.988337
Melhor (0.99028): (-2.01433, 2.40948)
Pior (0.972899): (-2.21375, 2.40948)

<------Geração 257------>

[ (-2.01433, 2.40948), (-2.01433, 2.40948), (-2.01433, 2.40948), (-2.01433, 2.40948), (-2.01433, 2.40948), (-2.01433, 2.40948), (-2.01433, 2.40948), (-2.01433, 2.40948), (-2.01433, 2.40948), (-1.5263, 2.40948) ]
Média: 0.982437
Melhor (0.99028): (-2.01433, 2.40948)
Pior (0.911846): (-1.5263, 2.40948)

<------Geração 258------>

[ (-2.01433, 2.40948), (-2.01433, 2.40948), (-2.01433, 2.40948), (-2.01433, 2.40948), (-2.01433, 2.40948), (-2.01433, 2.40948), (-2.01433, 2.40948), (-2.01433, 2.40948), (-2.01433, 2.40948), (-2.01433, 2.40948) ]
Média: 0.99028
Melhor (0.99028): (-2.01433, 2.40948)
Pior (0.99028): (-2.01433, 2.40948)

<------Geração 259------>

[ (-2.01433, 2.40948), (-2.01433, 2.40948), (-2.01433, 2.40948), (-2.01433, 2.40948), (-2.01433, 2.40948), (-2.01433, 2.40948), (-2.01433, 2.40948), (-2.01433, 2.40948), (-1.5848, 2.40948), (-2.43725, 2.40948) ]
Média: 0.976108
Melhor (0.99028): (-2.01433, 2.40948)
Pior (0.910909): (-2.43725, 2.40948)

<------Geração 260------>

[ (-2.01433, 2.40948), (-2.01433, 2.40948), (-2.01433, 2.40948), (-2.01433, 2.40948), (-2.01433, 2.40948), (-2.01433, 2.40948), (-2.01433, 2.40948), (-2.01433, 2.40948), (-2.01433, 2.40948), (-2.01433, 2.40948) ]
Média: 0.99028
Melhor (0.99028): (-2.01433, 2.40948)
Pior (0.99028): (-2.01433, 2.40948)

<------Geração 261------>

[ (-2.01433, 2.40948), (-2.01433, 2.40948), (-2.01433, 2.40948), (-2.01433, 2.40948), (-2.01433, 2.40948), (-2.01433, 2.40948), (-2.01433, 2.40948), (-2.01433, 2.40948), (-2.01433, 2.40948), (-2.01433, 2.40948) ]
Média: 0.99028
Melhor (0.99028): (-2.01433, 2.40948)
Pior (0.99028): (-2.01433, 2.40948)

<------Geração 262------>

[ (-2.01433, 2.40948), (-2.01433, 2.40948), (-2.01433, 2.40948), (-2.01433, 2.40948), (-2.01433, 2.40948), (-2.01433, 2.40948), (-2.01433, 2.40948), (-2.01433, 2.40948), (-2.01433, 2.40948), (-2.01433, 2.09488) ]
Média: 0.98507
Melhor (0.99028): (-2.01433, 2.40948)
Pior (0.938179): (-2.01433, 2.09488)

<------Geração 263------>

[ (-2.01433, 2.40948), (-2.01433, 2.40948), (-2.01433, 2.40948), (-2.01433, 2.40948), (-2.01433, 2.40948), (-2.01433, 2.40948), (-2.01433, 2.40948), (-2.01433, 2.40948), (-2.01433, 2.40948), (-2.01433, 2.08225) ]
Média: 0.984662
Melhor (0.99028): (-2.01433, 2.40948)
Pior (0.934098): (-2.01433, 2.08225)

<------Geração 264------>

[ (-2.01433, 2.40948), (-2.01433, 2.40948), (-2.01433, 2.40948), (-2.01433, 2.40948), (-2.01433, 2.40948), (-2.01433, 2.40948), (-2.01433, 2.40948), (-2.01433, 2.40948), (-2.01433, 2.40948), (-2.01433, 2.40948) ]
Média: 0.99028
Melhor (0.99028): (-2.01433, 2.40948)
Pior (0.99028): (-2.01433, 2.40948)

<------Geração 265------>

[ (-2.01433, 2.40948), (-2.01433, 2.40948), (-2.01433, 2.40948), (-2.01433, 2.40948), (-2.01433, 2.40948), (-2.01433, 2.40948), (-2.01433, 2.40948), (-2.01433, 2.40948), (-1.99415, 2.40948), (-2.01433, 2.2717) ]
Média: 0.989244
Melhor (0.99028): (-2.01433, 2.40948)
Pior (0.98003): (-2.01433, 2.2717)

<------Geração 266------>

[ (-2.01433, 2.40948), (-2.01433, 2.40948), (-2.01433, 2.40948), (-2.01433, 2.40948), (-2.01433, 2.40948), (-2.01433, 2.40948), (-2.01433, 2.40948), (-2.01433, 2.40948), (-2.01433, 2.46998), (-1.84442, 2.40948) ]
Média: 0.988987
Melhor (0.99028): (-2.01433, 2.40948)
Pior (0.979675): (-1.84442, 2.40948)

<------Geração 267------>

[ (-2.01433, 2.40948), (-2.01433, 2.40948), (-2.01433, 2.40948), (-2.01433, 2.40948), (-2.01433, 2.40948), (-2.01433, 2.40948), (-2.01433, 2.40948), (-2.01433, 2.40948), (-2.01433, 2.40948), (-2.01433, 2.40948) ]
Média: 0.99028
Melhor (0.99028): (-2.01433, 2.40948)
Pior (0.99028): (-2.01433, 2.40948)

<------Geração 268------>

[ (-2.01433, 2.40948), (-2.01433, 2.40948), (-2.01433, 2.40948), (-2.01433, 2.40948), (-2.01433, 2.40948), (-2.01433, 2.40948), (-2.01433, 2.40948), (-2.01433, 2.40948), (-2.01433, 2.40948), (-2.74651, 2.40948) ]
Média: 0.966567
Melhor (0.99028): (-2.01433, 2.40948)
Pior (0.753153): (-2.74651, 2.40948)

<------Geração 269------>

[ (-2.01433, 2.40948), (-2.01433, 2.40948), (-2.01433, 2.40948), (-2.01433, 2.40948), (-2.01433, 2.40948), (-2.01433, 2.40948), (-2.01433, 2.40948), (-2.01433, 2.40948), (-2.01433, 2.40948), (-2.01433, 1.90502) ]
Média: 0.977673
Melhor (0.99028): (-2.01433, 2.40948)
Pior (0.864209): (-2.01433, 1.90502)

<------Geração 270------>

[ (-2.01433, 2.40948), (-2.01433, 2.40948), (-2.01433, 2.40948), (-2.01433, 2.40948), (-2.01433, 2.40948), (-2.01433, 2.40948), (-2.01433, 2.40948), (-2.01433, 2.40948), (-2.01433, 2.40948), (-2.53678, 2.40948) ]
Média: 0.978125
Melhor (0.99028): (-2.01433, 2.40948)
Pior (0.868728): (-2.53678, 2.40948)

<------Geração 271------>

[ (-2.01433, 2.40948), (-2.01433, 2.40948), (-2.01433, 2.40948), (-2.01433, 2.40948), (-2.01433, 2.40948), (-2.01433, 2.40948), (-2.01433, 2.40948), (-2.01433, 2.40948), (-2.13522, 2.40948), (-2.01433, 2.98966) ]
Média: 0.96987
Melhor (0.99028): (-2.01433, 2.40948)
Pior (0.792587): (-2.01433, 2.98966)

<------Geração 272------>

[ (-2.01433, 2.40948), (-2.01433, 2.40948), (-2.01433, 2.40948), (-2.01433, 2.40948), (-2.01433, 2.40948), (-2.01433, 2.40948), (-2.01433, 2.40948), (-2.01433, 2.40948), (-2.01433, 2.40948), (-2.01433, 2.40948) ]
Média: 0.99028
Melhor (0.99028): (-2.01433, 2.40948)
Pior (0.99028): (-2.01433, 2.40948)

<------Geração 273------>

[ (-2.01433, 2.40948), (-2.01433, 2.40948), (-2.01433, 2.40948), (-2.01433, 2.40948), (-2.01433, 2.40948), (-2.01433, 2.40948), (-2.01433, 2.40948), (-2.01433, 2.40948), (-2.01433, 2.40948), (-2.01433, 2.40948) ]
Média: 0.99028
Melhor (0.99028): (-2.01433, 2.40948)
Pior (0.99028): (-2.01433, 2.40948)

<------Geração 274------>

[ (-2.01433, 2.40948), (-2.01433, 2.40948), (-2.01433, 2.40948), (-2.01433, 2.40948), (-2.01433, 2.40948), (-2.01433, 2.40948), (-2.01433, 2.40948), (-2.01433, 2.40948), (-2.01433, 2.40948), (-2.01433, 2.21836) ]
Média: 0.988311
Melhor (0.99028): (-2.01433, 2.40948)
Pior (0.970591): (-2.01433, 2.21836)

<------Geração 275------>

[ (-2.01433, 2.40948), (-2.01433, 2.40948), (-2.01433, 2.40948), (-2.01433, 2.40948), (-2.01433, 2.40948), (-2.01433, 2.40948), (-2.01433, 2.40948), (-2.01433, 2.40948), (-1.89164, 2.40948), (-2.01433, 2.95615) ]
Média: 0.972085
Melhor (0.99028): (-2.01433, 2.40948)
Pior (0.813863): (-2.01433, 2.95615)

<------Geração 276------>

[ (-2.01433, 2.40948), (-2.01433, 2.40948), (-2.01433, 2.40948), (-2.01433, 2.40948), (-2.01433, 2.40948), (-2.01433, 2.40948), (-2.01433, 2.40948), (-2.01433, 2.40948), (-2.01433, 2.40948), (-2.01433, 2.40948) ]
Média: 0.99028
Melhor (0.99028): (-2.01433, 2.40948)
Pior (0.99028): (-2.01433, 2.40948)

<------Geração 277------>

[ (-2.01433, 2.40948), (-2.01433, 2.40948), (-2.01433, 2.40948), (-2.01433, 2.40948), (-2.01433, 2.40948), (-2.01433, 2.40948), (-2.01433, 2.40948), (-2.01433, 2.40948), (-2.01433, 2.40948), (-2.22746, 2.40948) ]
Média: 0.988293
Melhor (0.99028): (-2.01433, 2.40948)
Pior (0.970415): (-2.22746, 2.40948)

<------Geração 278------>

[ (-2.01433, 2.40948), (-2.01433, 2.40948), (-2.01433, 2.40948), (-2.01433, 2.40948), (-2.01433, 2.40948), (-2.01433, 2.40948), (-2.01433, 2.40948), (-2.01433, 2.40948), (-2.01433, 2.40948), (-1.31889, 2.40948) ]
Média: 0.975935
Melhor (0.99028): (-2.01433, 2.40948)
Pior (0.846832): (-1.31889, 2.40948)

<------Geração 279------>

[ (-2.01433, 2.40948), (-2.01433, 2.40948), (-2.01433, 2.40948), (-2.01433, 2.40948), (-2.01433, 2.40948), (-2.01433, 2.40948), (-2.01433, 2.40948), (-2.01433, 2.40948), (-2.01433, 2.40948), (-2.01433, 2.40948) ]
Média: 0.99028
Melhor (0.99028): (-2.01433, 2.40948)
Pior (0.99028): (-2.01433, 2.40948)

<------Geração 280------>

[ (-2.01433, 2.40948), (-2.01433, 2.40948), (-2.01433, 2.40948), (-2.01433, 2.40948), (-2.01433, 2.40948), (-2.01433, 2.40948), (-2.01433, 2.40948), (-2.01433, 2.40948), (-2.01433, 2.40948), (-2.01433, 2.19244) ]
Média: 0.987749
Melhor (0.99028): (-2.01433, 2.40948)
Pior (0.96497): (-2.01433, 2.19244)

<------Geração 281------>

[ (-2.01433, 2.40948), (-2.01433, 2.40948), (-2.01433, 2.40948), (-2.01433, 2.40948), (-2.01433, 2.40948), (-2.01433, 2.40948), (-2.01433, 2.40948), (-2.01433, 2.40948), (-2.01433, 2.40948), (-2.21761, 2.40948) ]
Média: 0.988474
Melhor (0.99028): (-2.01433, 2.40948)
Pior (0.972217): (-2.21761, 2.40948)

<------Geração 282------>

[ (-2.01433, 2.40948), (-2.01433, 2.40948), (-2.01433, 2.40948), (-2.01433, 2.40948), (-2.01433, 2.40948), (-2.01433, 2.40948), (-2.01433, 2.40948), (-2.01433, 2.40948), (-2.01433, 2.40948), (-1.51897, 2.40948) ]
Média: 0.982226
Melhor (0.99028): (-2.01433, 2.40948)
Pior (0.909746): (-1.51897, 2.40948)

<------Geração 283------>

[ (-2.01433, 2.40948), (-2.01433, 2.40948), (-2.01433, 2.40948), (-2.01433, 2.40948), (-2.01433, 2.40948), (-2.01433, 2.40948), (-2.01433, 2.40948), (-2.01433, 2.40948), (-2.01433, 2.90761), (-2.01433, 1.32312) ]
Média: 0.93182
Melhor (0.99028): (-2.01433, 2.40948)
Pior (0.553103): (-2.01433, 1.32312)

<------Geração 284------>

[ (-2.01433, 2.40948), (-2.01433, 2.40948), (-2.01433, 2.40948), (-2.01433, 2.40948), (-2.01433, 2.40948), (-2.01433, 2.40948), (-2.01433, 2.40948), (-2.01433, 2.40948), (-2.01433, 2.40948), (-2.01433, 2.40948) ]
Média: 0.99028
Melhor (0.99028): (-2.01433, 2.40948)
Pior (0.99028): (-2.01433, 2.40948)

<------Geração 285------>

[ (-2.01433, 2.40948), (-2.01433, 2.40948), (-2.01433, 2.40948), (-2.01433, 2.40948), (-2.01433, 2.40948), (-2.01433, 2.40948), (-2.01433, 2.40948), (-2.01433, 2.40948), (-2.01433, 2.40948), (-2.60435, 2.40948) ]
Média: 0.974777
Melhor (0.99028): (-2.01433, 2.40948)
Pior (0.835247): (-2.60435, 2.40948)

<------Geração 286------>

[ (-2.01433, 2.40948), (-2.01433, 2.40948), (-2.01433, 2.40948), (-2.01433, 2.40948), (-2.01433, 2.40948), (-2.01433, 2.40948), (-2.01433, 2.40948), (-2.01433, 2.40948), (-2.01433, 2.40948), (-2.01433, 2.40948) ]
Média: 0.99028
Melhor (0.99028): (-2.01433, 2.40948)
Pior (0.99028): (-2.01433, 2.40948)

<------Geração 287------>

[ (-2.01433, 2.40948), (-2.01433, 2.40948), (-2.01433, 2.40948), (-2.01433, 2.40948), (-2.01433, 2.40948), (-2.01433, 2.40948), (-2.01433, 2.40948), (-2.01433, 2.40948), (-2.01433, 2.40948), (-2.01433, 2.62706) ]
Média: 0.987411
Melhor (0.99028): (-2.01433, 2.40948)
Pior (0.96159): (-2.01433, 2.62706)

<------Geração 288------>

[ (-2.01433, 2.40948), (-2.01433, 2.40948), (-2.01433, 2.40948), (-2.01433, 2.40948), (-2.01433, 2.40948), (-2.01433, 2.40948), (-2.01433, 2.40948), (-2.01433, 2.40948), (-2.01433, 2.40948), (-2.01433, 2.40948) ]
Média: 0.99028
Melhor (0.99028): (-2.01433, 2.40948)
Pior (0.99028): (-2.01433, 2.40948)

<------Geração 289------>

[ (-2.01433, 2.40948), (-2.01433, 2.40948), (-2.01433, 2.40948), (-2.01433, 2.40948), (-2.01433, 2.40948), (-2.01433, 2.40948), (-2.01433, 2.40948), (-2.01433, 2.40948), (-2.01433, 2.40948), (-2.01433, 2.40948) ]
Média: 0.99028
Melhor (0.99028): (-2.01433, 2.40948)
Pior (0.99028): (-2.01433, 2.40948)

<------Geração 290------>

[ (-2.01433, 2.40948), (-2.01433, 2.40948), (-2.01433, 2.40948), (-2.01433, 2.40948), (-2.01433, 2.40948), (-2.01433, 2.40948), (-2.01433, 2.40948), (-2.01433, 2.40948), (-2.04792, 2.40948), (-2.01433, 1.91547) ]
Média: 0.978088
Melhor (0.99028): (-2.01433, 2.40948)
Pior (0.868909): (-2.01433, 1.91547)

<------Geração 291------>

[ (-2.01433, 2.40948), (-2.01433, 2.40948), (-2.01433, 2.40948), (-2.01433, 2.40948), (-2.01433, 2.40948), (-2.01433, 2.40948), (-2.01433, 2.40948), (-2.01433, 2.40948), (-2.36876, 2.40948), (-2.01433, 3.84942) ]
Média: 0.89999
Melhor (0.99028): (-2.01433, 2.40948)
Pior (0.142885): (-2.01433, 3.84942)

<------Geração 292------>

[ (-2.01433, 2.40948), (-2.01433, 2.40948), (-2.01433, 2.40948), (-2.01433, 2.40948), (-2.01433, 2.40948), (-2.01433, 2.40948), (-2.01433, 2.40948), (-2.01433, 2.40948), (-2.01433, 2.40948), (-2.01433, 2.53314) ]
Média: 0.989343
Melhor (0.99028): (-2.01433, 2.40948)
Pior (0.98091): (-2.01433, 2.53314)

<------Geração 293------>

[ (-2.01433, 2.40948), (-2.01433, 2.40948), (-2.01433, 2.40948), (-2.01433, 2.40948), (-2.01433, 2.40948), (-2.01433, 2.40948), (-2.01433, 2.40948), (-2.01433, 2.40948), (-2.01433, 2.43167), (-1.64357, 2.40948) ]
Média: 0.985485
Melhor (0.99028): (-2.01433, 2.40948)
Pior (0.942687): (-1.64357, 2.40948)

<------Geração 294------>

[ (-2.01433, 2.40948), (-2.01433, 2.40948), (-2.01433, 2.40948), (-2.01433, 2.40948), (-2.01433, 2.40948), (-2.01433, 2.40948), (-2.01433, 2.40948), (-2.01433, 2.40948), (-2.01433, 2.40948), (-1.33437, 2.40948) ]
Média: 0.976451
Melhor (0.99028): (-2.01433, 2.40948)
Pior (0.851989): (-1.33437, 2.40948)

<------Geração 295------>

[ (-2.01433, 2.40948), (-2.01433, 2.40948), (-2.01433, 2.40948), (-2.01433, 2.40948), (-2.01433, 2.40948), (-2.01433, 2.40948), (-2.01433, 2.40948), (-2.01433, 2.40948), (-2.01433, 2.40948), (-2.01433, 1.82911) ]
Média: 0.974084
Melhor (0.99028): (-2.01433, 2.40948)
Pior (0.828318): (-2.01433, 1.82911)

<------Geração 296------>

[ (-2.01433, 2.40948), (-2.01433, 2.40948), (-2.01433, 2.40948), (-2.01433, 2.40948), (-2.01433, 2.40948), (-2.01433, 2.40948), (-2.01433, 2.40948), (-2.01433, 2.40948), (-2.01433, 2.40948), (-2.01433, 2.40948) ]
Média: 0.99028
Melhor (0.99028): (-2.01433, 2.40948)
Pior (0.99028): (-2.01433, 2.40948)

<------Geração 297------>

[ (-2.01433, 2.40948), (-2.01433, 2.40948), (-2.01433, 2.40948), (-2.01433, 2.40948), (-2.01433, 2.40948), (-2.01433, 2.40948), (-2.01433, 2.40948), (-2.01433, 2.40948), (-2.01433, 2.40948), (-1.73934, 2.40948) ]
Média: 0.987571
Melhor (0.99028): (-2.01433, 2.40948)
Pior (0.963188): (-1.73934, 2.40948)

<------Geração 298------>

[ (-2.01433, 2.40948), (-2.01433, 2.40948), (-2.01433, 2.40948), (-2.01433, 2.40948), (-2.01433, 2.40948), (-2.01433, 2.40948), (-2.01433, 2.40948), (-2.01433, 2.40948), (-2.01433, 2.40948), (-2.01433, 2.40948) ]
Média: 0.99028
Melhor (0.99028): (-2.01433, 2.40948)
Pior (0.99028): (-2.01433, 2.40948)

<------Geração 299------>

[ (-2.01433, 2.40948), (-2.01433, 2.40948), (-2.01433, 2.40948), (-2.01433, 2.40948), (-2.01433, 2.40948), (-2.01433, 2.40948), (-2.01433, 2.40948), (-2.01433, 2.40948), (-2.01433, 2.40948), (-1.58453, 2.40948) ]
Média: 0.984037
Melhor (0.99028): (-2.01433, 2.40948)
Pior (0.927855): (-1.58453, 2.40948)

<------Geração 300------>

[ (-2.01433, 2.40948), (-2.01433, 2.40948), (-2.01433, 2.40948), (-2.01433, 2.40948), (-2.01433, 2.40948), (-2.01433, 2.40948), (-2.01433, 2.40948), (-2.01433, 2.40948), (-2.01433, 2.40948), (-2.01433, 2.40948) ]
Média: 0.99028
Melhor (0.99028): (-2.01433, 2.40948)
Pior (0.99028): (-2.01433, 2.40948)
